89
1843
2131
2428
3342
4826
5516
6399
9626
10939
12746
13209
13802
17742
18952
18969
18971
21642
22393
23926
24467
24654
25737
26463
26505
26523
27079
27535
27621
27867
28549
29131
30807
31200
31611
32570
33317
34281
34677
35139
35322
36409
36754
37061
37239
38065
39299
42923
43264
46055
46418
47164
47764
48826
48988
49697
49850
52664
53240
53258
53909
54133
54270
54278
54278
54874
55267
57215
61447
61524
62247
63379
64860
64877
66674
66798
68938
68977
69246
69397
69879
69952
70153
70516
70699
70708
71822
72212
73490
75551
75820
76022
76393
77058
80039
81387
83825
84090
84726
86167
88813
89226
89985
90008
91249
91495
93943
94100
98427
98921
99533
99709
99797
100196
100315
103202
104266
104481
105439
105579
107578
108602
109410
109585
110859
112353
113415
113776
114635
114854
115293
115532
116524
116893
118929
119088
120296
121122
121536
121903
122782
122882
124157
126201
128064
128419
129893
130428
130460
132072
132444
132541
134862
135613
135708
137374
139223
139807
140119
140629
144256
144947
145629
146481
148690
149388
149434
150309
150516
150784
152910
153133
155219
156217
158990
161297
162313
164028
165500
166154
168092
169155
169275
170765
171976
173200
173301
175275
175515
175519
175753
176703
176831
178067
178155
179461
180032
180073
181520
182503
183075
183390
183654
184248
184669
187311
188451
188691
190488
191780
192780
193201
193751
194489
195942
196585
197528
202180
204701
204917
205157
207095
208278
210937
211391
211523
212193
213649
213702
216003
216330
216932
216976
217982
219530
220068
220298
220635
223071
223206
223539
224316
224533
225164
226604
227153
227208
227293
227963
229861
229873
231767
232877
235498
237273
242993
243575
244287
244300
244505
245647
248707
249327
250612
251233
252046
253573
254659
255042
257867
259700
261441
262613
267127
268062
269601
270543
272663
272915
273481
273622
277799
281331
282527
284800
286177
287026
287642
288134
289369
291019
291271
291299
291400
293467
294178
294517
294742
295715
300149
300683
304276
304911
305053
306699
307647
309963
312713
312831
313244
314797
316232
316388
316822
317183
318791
320933
321371
321766
321785
322079
322314
322672
323339
324206
326194
327270
327301
330168
330389
331255
331392
331659
334459
337834
337945
339341
340371
342652
343131
344922
346401
347682
348837
350737
350834
351434
352112
352544
353689
356516
357256
358268
359203
360854
361199
361233
362485
363260
363350
363784
364555
365322
365482
366062
366684
367615
368824
369061
369265
370685
371803
372907
376087
377984
379171
382930
383340
384198
384330
384778
384853
385009
388910
390192
390778
391010
391182
391739
392584
393556
393851
395140
395164
395317
396153
399843
400086
400999
402436
402459
403329
403414
403855
404169
410098
410759
410912
411031
411513
411736
412120
412324
413222
414217
416502
417447
417722
418209
419169
420078
421447
422713
423595
424899
425603
425608
425696
425906
426054
426252
427005
429627
430577
430606
431421
431884
431977
433944
434542
434893
437227
437279
438502
438689
439314
439796
441246
443255
443790
444593
445001
445893
446001
446844
446991
447828
450208
450556
454958
455069
455131
458364
459594
459627
461933
462737
462746
462878
465639
466444
466735
467247
467252
467571
468956
470102
472103
472801
473284
473656
474593
475705
477033
479211
479553
479978
481378
482027
485742
488255
488604
489415
490829
491057
492513
492928
494304
495461
496056
496817
496832
499955
502327
502424
503179
504384
504940
507836
509790
510817
512835
513734
514392
515081
516516
518061
518313
518829
519177
520277
521201
521407
521805
522119
524017
524969
525057
525198
527153
527521
530679
536280
536805
537391
538900
539822
541909
544205
546195
547608
549331
554328
555170
556560
556947
557815
558038
558420
559636
561643
562912
563046
563925
565446
565550
566614
566899
568687
568783
569105
569259
571029
572019
572871
574076
575183
578189
579441
580983
581116
583337
584420
585438
587076
587526
589416
590606
590691
591803
592054
592082
594027
594878
596260
596902
598670
598750
598774
599710
602023
602460
603276
603626
605127
605505
606284
607290
610072
610946
611364
611382
613576
617107
619715
619945
620342
622432
623487
625241
625772
627313
630687
630729
630932
631183
633506
634426
635712
636198
639767
640008
640576
642324
642642
642825
644574
644941
647365
650038
650066
651882
654287
654464
654911
655452
655474
656488
656977
660500
665271
666724
667155
667594
670566
672989
673263
673287
674220
674797
676286
680045
682806
682933
683819
683866
684815
685751
685921
686030
686088
686954
688210
689086
689150
691764
692219
692429
693385
693740
694603
694650
697972
698781
699713
702481
705973
707835
709309
711364
713317
715749
716588
716712
719689
720874
721180
721302
722907
723379
723898
724635
727779
727869
728025
728189
729381
729710
729836
730636
735586
736939
737383
739847
740849
740968
743924
745548
745588
745703
745720
749288
749375
749610
753288
755956
757390
758965
760607
761846
762583
763305
766020
767428
767867
768162
768817
770714
771431
771484
772141
772654
773216
773923
774543
774977
775454
776054
776839
778451
779023
779656
779805
781053
781142
782538
783120
783268
784756
787248
787832
787990
788142
788694
789530
789560
790099
790271
793480
793805
795058
796513
798535
798801
798983
799151
799767
801758
802373
804664
805561
806951
807819
808164
808814
809525
812249
812298
812882
813008
813842
814026
814315
816105
817162
817197
818507
818635
818650
818863
820064
822627
822973
823217
823788
827631
828174
829355
829951
831434
831723
832250
833795
835886
836692
836721
837011
839495
839685
840149
840684
840998
841254
841568
843262
844170
846107
846653
847873
848372
850236
850323
850351
851247
852946
853662
854867
856144
856948
857351
858840
859270
860245
862230
867498
867658
870802
873303
878323
879747
879748
879837
880787
882106
884335
885535
886029
886114
887001
887105
890505
895264
896012
896789
896791
897021
898540
898694
898920
902151
904273
904774
905692
905735
905844
906304
907325
907435
908320
909384
909399
912353
912564
913436
915219
917165
917477
918196
918786
918901
919171
919460
920180
921168
921922
923488
925132
925998
926781
926970
927843
928530
928883
930645
931466
931763
932224
932474
933219
936377
937014
937836
938198
940169
940929
940951
941360
941869
942036
942198
942696
943104
943910
944017
944155
947723
947792
950394
951498
952104
953212
953645
954354
954461
956641
956680
957583
961707
962330
962717
964260
964275
968370
968817
969398
969488
969503
970693
971352
971936
972124
972532
973316
973384
973960
975427
975816
975884
977040
977671
978180
979481
980368
980627
980996
983662
984038
984849
985744
990833
992601
993655
994355
994387
995729
996330
997596
999289
999940
1003056
1005586
1006003
1006222
1006287
1006975
1007827
1009430
1010281
1012047
1012138
1012805
1014431
1014961
1015631
1015785
1020056
1020602
1022075
1022321
1022769
1022818
1023055
1025202
1025809
1027483
1027775
1029041
1029566
1029865
1032196
1033675
1034379
1036148
1036780
1036849
1036904
1037247
1038526
1038703
1039023
1039734
1039904
1039940
1043348
1045286
1047624
1048977
1049341
1049498
1049963
1050706
1051058
1052757
1053475
1053680
1054002
1054535
1054645
1054964
1055844
1057450
1060346
1065100
1066377
1068064
1069466
1069483
1069657
1073974
1074167
1076790
1077130
1078245
1078627
1079611
1080302
1082841
1083557
1083793
1086752
1086971
1087854
1088522
1088763
1089293
1090398
1090441
1091026
1091487
1092187
1094365
1096597
1098431
1099797
1101218
1103068
1103708
1105326
1105470
1106076
1107353
1108403
1108810
1108947
1109151
1109440
1110011
1110052
1110120
1111805
1112370
1113175
1115499
1116058
1120012
1120834
1120980
1121931
1122001
1123160
1123166
1124405
1125554
1125642
1126064
1126820
1127589
1128890
1129131
1129978
1131509
1132469
1132861
1135639
1135749
1136096
1136379
1136686
1137177
1137863
1140268
1140284
1140552
1140563
1141823
1143172
1143297
1145009
1145568
1146158
1147394
1149228
1149646
1150532
1151082
1151712
1153596
1154093
1154441
1156007
1157394
1157988
1160293
1161676
1161948
1165825
1166097
1166189
1166633
1168085
1170095
1170528
1171097
1171295
1172347
1172691
1174046
1175060
1176118
1176678
1177109
1177287
1178488
1178953
1180650
1183815
1186405
1186530
1187154
1187441
1189133
1189958
1193604
1194119
1196534
1196636
1201748
1202478
1202990
1204358
1205719
1206483
1206506
1206555
1208398
1209961
1211056
1211410
1211793
1213326
1215290
1215763
1216198
1216295
1217815
1218101
1219180
1221425
1221930
1221982
1222051
1225012
1225147
1225188
1226150
1226751
1227259
1228040
1228386
1228784
1230180
1230691
1232795
1233536
1234477
1236568
1239112
1239475
1239870
1240019
1240355
1240663
1242553
1243942
1244306
1244686
1245287
1245786
1246635
1247069
1247501
1248531
1249464
1252786
1255017
1256726
1257963
1258744
1259874
1260993
1261767
1261887
1262322
1263019
1264846
1265040
1266029
1266951
1267047
1267487
1268135
1268419
1268797
1268883
1269043
1270461
1271183
1271512
1272179
1274184
1274857
1275822
1276281
1277610
1278644
1279272
1281027
1286229
1291091
1291451
1294837
1294929
1296336
1297276
1297413
1298686
1299404
1303948
1304020
1306186
1308383
1308514
1310568
1310740
1313227
1314731
1318035
1319332
1319453
1320745
1322262
1322445
1323154
1323484
1324103
1324373
1325664
1325717
1327579
1328336
1330199
1335277
1335548
1336652
1336859
1337501
1337641
1338389
1338557
1339926
1340740
1342476
1343778
1344632
1345146
1345811
1345882
1347528
1348319
1348888
1348993
1349114
1350796
1352962
1353407
1353686
1353965
1358106
1358569
1361592
1362918
1363133
1363518
1365327
1366118
1367189
1367778
1367815
1368612
1368850
1370001
1370317
1370565
1370913
1371886
1373585
1373888
1374562
1374741
1376638
1379074
1379716
1379981
1381310
1381767
1382701
1383837
1385983
1388476
1389224
1389654
1389834
1392339
1393521
1393559
1401659
1401741
1403085
1404384
1405129
1405222
1406049
1406592
1409141
1410800
1411319
1411717
1412798
1413075
1413871
1414465
1415312
1415370
1417974
1418343
1418378
1419062
1419627
1420753
1422144
1422887
1423742
1424235
1424428
1425800
1426252
1427158
1427690
1428346
1432709
1433691
1434990
1435534
1435820
1435839
1439745
1440461
1440538
1441924
1443322
1443730
1444205
1444677
1446198
1446203
1447420
1448126
1448602
1448631
1448640
1448955
1450733
1452070
1453035
1453084
1454271
1455711
1455743
1456687
1458046
1459035
1460553
1461005
1462587
1463384
1465417
1465537
1465834
1468099
1470571
1472913
1475191
1478664
1480229
1481084
1481220
1481232
1481683
1485549
1488733
1489088
1489575
1490879
1490920
1492977
1493912
1498449
1499771
1500393
1501811
1502686
1502690
1503635
1503755
1505883
1508038
1508627
1510186
1511407
1514998
1515103
1515337
1516119
1516779
1517120
1517451
1518537
1523082
1524606
1524686
1525130
1526105
1527332
1528223
1529586
1529999
1530324
1530569
1532460
1532526
1532967
1535433
1536377
1536541
1536716
1537971
1537975
1539495
1539767
1540328
1540628
1542445
1543786
1546065
1547793
1548544
1549696
1549866
1550728
1552230
1554005
1557379
1558593
1560703
1561339
1561739
1561940
1562355
1563019
1563177
1564669
1566226
1566467
1569563
1569738
1570508
1571189
1571533
1571732
1573294
1574274
1578098
1580720
1581264
1583342
1583710
1584766
1585383
1585990
1586725
1586972
1587930
1588179
1589231
1589445
1590224
1590279
1590882
1591053
1591423
1592165
1592804
1592829
1593592
1594092
1594272
1595141
1596762
1596899
1599503
1600643
1601799
1605082
1605597
1606321
1607208
1607423
1608547
1608552
1608884
1609142
1609748
1610933
1611656
1612009
1612294
1612534
1612735
1612773
1614027
1616638
1617060
1617072
1617325
1617629
1617829
1618144
1618970
1619143
1619266
1619911
1623004
1624714
1625512
1626382
1626611
1627613
1629319
1631980
1634607
1635788
1635932
1635972
1637116
1639344
1640165
1642576
1643756
1643948
1647868
1648781
1648890
1651106
1652268
1652620
1653122
1653631
1654110
1654266
1654924
1657607
1660293
1660812
1660924
1661415
1663027
1663430
1664007
1666242
1668905
1669751
1670058
1671573
1672017
1672262
1672336
1672681
1672765
1673358
1673873
1676767
1678677
1680887
1681328
1681386
1681493
1682054
1682113
1682670
1683860
1685117
1685267
1687198
1688253
1688508
1689943
1696366
1696513
1697011
1698064
1700153
1701065
1701240
1701682
1702492
1702928
1703277
1703359
1704169
1704381
1704957
1705411
1706196
1706260
1706364
1706998
1707822
1708076
1708491
1708712
1710836
1710978
1711651
1713368
1714142
1715712
1719449
1719871
1719932
1720522
1722606
1724110
1724518
1725491
1726446
1728038
1730129
1731184
1732085
1732237
1732357
1733724
1734342
1735726
1735981
1736944
1737832
1737948
1738147
1739011
1739097
1739777
1740300
1740633
1741126
1741374
1741833
1744580
1744777
1745504
1746134
1747201
1747315
1751592
1755719
1756308
1756998
1758432
1758976
1759176
1759945
1762240
1764145
1764261
1765975
1766096
1767315
1767496
1767750
1767801
1767963
1768688
1768692
1769135
1769268
1771157
1774125
1775657
1777978
1779228
1780817
1781692
1782683
1782829
1787616
1788301
1788638
1790548
1791522
1792124
1792262
1793723
1794261
1794804
1795310
1795695
1796429
1796980
1799273
1800408
1800914
1801624
1802103
1802137
1802774
1803791
1803849
1804226
1804502
1804650
1804843
1805424
1807616
1807682
1812048
1812254
1813222
1814046
1817522
1818864
1819966
1819967
1821742
1822401
1823439
1823768
1826041
1829902
1830271
1831099
1832312
1832894
1833233
1833581
1834686
1835623
1835768
1837067
1839507
1841266
1841474
1841985
1842716
1842870
1844048
1846646
1846879
1847113
1847876
1848102
1849679
1850560
1852606
1852676
1853309
1853462
1855462
1855668
1855987
1856001
1857700
1857975
1858803
1859434
1860346
1860885
1860912
1861744
1864002
1865858
1865958
1866765
1867417
1868009
1868723
1869471
1869933
1871111
1871699
1872282
1872679
1874608
1875552
1875879
1877214
1877615
1878267
1880669
1880907
1883023
1887493
1888001
1889221
1889833
1892856
1893871
1894201
1894336
1895262
1895458
1896012
1897099
1898760
1899319
1900735
1901065
1902846
1904797
1905772
1906980
1907867
1908679
1909457
1909461
1909787
1910485
1910910
1911126
1913400
1913474
1913521
1915497
1915833
1916601
1916634
1917808
1917889
1918675
1920078
1920429
1921446
1922185
1923073
1924990
1925147
1925822
1925952
1926059
1926209
1926325
1926363
1927318
1928665
1928894
1929323
1931281
1931681
1931914
1932345
1932610
1932940
1933125
1933807
1936884
1937393
1937448
1937577
1938094
1938587
1939046
1942907
1943109
1945333
1946173
1947540
1948538
1948802
1952607
1955127
1955235
1956463
1957394
1957677
1958403
1959489
1959657
1960943
1961263
1961336
1962258
1963842
1964404
1968102
1970440
1971126
1971693
1972799
1974623
1975443
1976498
1978595
1981808
1983017
1983064
1985830
1985863
1986125
1986261
1987656
1988689
1991873
1992486
1993134
1993246
1994127
1994597
1994765
1996101
1996769
1998152
1999754
2000860
2001908
2002361
2002840
2005005
2005681
2006381
2006478
2007794
2007886
2009770
2010128
2010733
2011080
2012432
2013642
2015543
2015763
2017130
2018562
2018744
2019151
2019288
2019720
2019945
2022640
2023140
2023684
2026679
2027193
2027247
2027453
2028665
2033723
2034939
2035143
2037247
2038840
2040551
2041043
2041783
2043353
2043911
2045059
2047528
2048604
2049046
2049436
2050148
2051216
2054728
2055662
2057714
2059231
2059655
2062104
2063432
2064795
2065412
2065942
2067496
2067579
2069061
2070508
2071967
2072636
2074761
2075168
2075913
2075983
2076149
2077581
2078450
2078767
2078949
2079396
2081613
2082502
2083955
2084602
2084776
2085114
2086484
2088796
2089388
2090380
2091950
2092751
2092963
2093416
2095124
2095916
2097403
2097861
2098788
2098838
2098900
2098972
2099769
2102709
2103033
2103160
2103280
2104002
2105600
2106113
2106722
2109743
2111318
2113543
2115487
2116554
2116560
2116966
2120850
2121516
2122971
2123845
2124156
2125008
2125040
2126007
2126794
2127287
2127602
2127785
2128238
2128893
2129291
2129723
2130797
2131017
2131551
2132079
2132458
2134048
2135313
2135627
2135808
2135936
2136495
2139359
2140355
2140794
2142560
2143196
2143425
2145349
2145670
2145767
2146073
2146198
2147849
2148780
2149899
2150623
2151185
2151530
2152146
2152795
2157073
2158269
2158837
2159374
2159559
2159675
2161062
2162300
2163566
2163587
2164947
2165237
2165763
2165941
2168618
2172219
2172393
2174114
2175637
2176254
2176886
2177044
2177921
2179024
2179232
2179469
2181206
2181441
2183476
2184664
2184899
2185216
2186993
2187623
2187746
2189481
2189835
2190012
2190406
2190756
2191073
2192151
2193553
2194000
2194027
2194635
2194637
2195466
2196871
2197067
2197098
2197607
2200285
2200571
2201551
2201900
2202534
2202740
2204356
2205462
2209002
2210131
2210872
2213368
2213698
2215530
2216189
2216748
2218062
2219047
2219130
2219902
2220183
2220923
2222036
2222570
2223944
2224427
2224846
2227538
2227645
2228187
2229973
2230429
2230836
2231563
2232278
2233882
2234171
2235808
2236416
2237527
2238857
2239859
2241096
2241742
2242286
2244241
2246202
2246585
2247137
2248032
2248549
2248625
2249309
2253008
2253572
2255423
2256596
2261235
2261502
2261916
2263224
2264163
2265383
2266338
2267117
2267861
2268499
2269333
2269362
2269793
2271089
2271122
2271819
2272743
2273930
2274501
2276170
2276547
2276579
2276903
2279439
2280897
2281309
2281599
2282250
2284272
2284541
2285881
2286543
2288286
2288443
2288907
2289486
2289763
2291116
2291213
2291478
2292190
2293889
2296014
2298026
2299323
2299856
2301051
2301131
2301209
2301623
2302111
2302681
2304200
2304596
2304943
2305677
2306369
2307309
2307848
2308520
2309814
2311238
2311725
2312763
2313014
2313464
2314464
2314784
2315352
2316223
2317144
2319630
2320261
2320313
2321293
2321490
2321882
2323464
2323659
2329053
2329274
2329427
2330292
2330324
2333084
2333302
2333781
2335699
2337331
2337451
2338615
2339433
2342098
2342521
2342989
2345386
2346160
2347785
2348023
2348560
2350160
2350395
2352327
2353487
2356004
2356905
2357060
2357854
2357900
2358010
2358521
2359327
2359612
2359966
2360568
2361884
2363310
2363476
2363655
2365152
2365744
2366838
2367112
2370211
2370327
2371927
2372730
2374294
2374364
2374973
2376331
2377045
2377300
2380527
2381092
2381935
2382803
2382995
2384017
2388341
2389497
2391679
2391898
2395983
2397102
2397550
2397674
2398950
2398995
2399020
2399066
2399717
2400384
2400508
2402692
2403157
2403281
2404116
2406740
2408090
2408993
2410350
2411970
2413900
2413969
2414515
2415245
2415826
2416760
2417761
2419761
2420787
2421074
2422252
2422967
2424048
2424751
2425725
2426280
2428579
2429547
2430063
2430358
2431113
2431636
2431946
2433512
2433930
2434544
2434884
2436190
2437078
2437170
2438459
2438476
2438956
2439395
2439470
2439528
2440991
2442256
2442442
2444200
2446353
2446744
2447719
2448510
2449011
2449515
2450075
2450184
2450508
2450810
2452229
2460684
2462200
2465021
2465947
2466163
2468395
2468594
2469888
2470582
2471096
2472401
2473674
2475553
2475721
2475873
2476609
2477278
2478699
2479148
2479931
2480138
2480148
2480373
2480499
2481337
2481882
2483068
2483512
2483524
2483666
2484943
2484958
2485286
2486824
2490876
2492490
2494322
2495778
2498302
2499317
2503080
2503808
2505405
2505640
2506420
2506798
2506898
2514914
2515251
2518499
2520488
2521873
2523627
2524240
2524496
2527394
2527880
2528007
2528103
2528598
2528620
2532230
2532386
2532501
2533839
2534609
2535467
2536028
2536829
2538690
2538868
2538970
2539106
2540120
2540709
2540835
2541477
2541611
2542165
2544921
2545622
2546362
2547133
2548281
2550038
2550353
2552434
2555164
2555414
2555962
2557171
2557228
2557869
2560203
2561020
2561276
2561614
2561782
2561912
2561935
2562321
2562543
2562587
2564511
2564780
2567305
2567908
2568876
2569543
2569761
2572411
2573991
2577068
2577150
2577786
2580626
2581663
2582456
2583389
2584909
2587861
2588956
2588958
2589422
2589855
2590907
2591940
2591960
2592462
2592480
2593062
2594096
2595325
2595644
2595835
2596090
2596257
2598069
2598891
2600024
2600026
2600533
2601000
2601294
2603494
2604289
2604532
2606337
2607533
2608192
2609432
2609756
2611598
2615033
2616142
2616504
2617809
2618778
2620588
2621610
2621774
2622557
2623504
2624333
2624497
2624499
2624555
2625274
2626382
2626908
2627802
2628501
2629195
2629431
2630410
2631316
2631455
2633196
2633563
2637626
2638189
2638346
2638876
2640596
2648360
2649673
2650069
2652295
2653719
2654789
2654889
2655052
2655222
2655450
2656179
2657748
2658729
2659864
2661490
2661711
2662469
2663082
2663346
2663759
2663982
2664250
2669730
2670452
2670538
2672890
2673836
2675736
2676216
2677771
2678694
2679032
2679920
2680469
2681385
2681868
2682584
2682835
2682898
2684951
2685714
2687577
2688023
2688679
2689916
2691780
2694314
2694362
2694481
2695072
2698350
2699069
2700057
2700435
2701606
2701734
2701876
2702127
2704761
2706711
2707619
2708154
2709709
2710122
2711990
2712551
2713675
2715384
2716113
2717730
2718588
2720591
2723001
2724987
2724988
2727386
2727724
2727907
2728518
2728956
2729363
2729523
2732668
2732692
2733018
2733065
2733462
2734989
2734991
2737269
2737399
2737964
2737967
2738428
2739093
2739377
2741208
2741408
2741588
2741735
2743170
2744047
2744343
2744609
2745424
2746457
2747381
2748023
2749410
2750923
2751557
2752608
2753035
2753865
2755975
2757099
2758325
2758745
2758990
2759507
2759660
2759791
2759982
2760844
2762802
2763717
2763775
2764052
2764875
2765001
2765327
2765576
2765683
2767374
2767918
2768200
2768334
2773196
2778447
2778829
2779649
2779799
2780010
2780684
2780845
2781749
2781988
2782608
2784227
2784555
2784664
2784781
2785376
2785953
2787283
2788935
2792157
2794146
2794209
2794765
2795153
2795709
2795887
2797104
2797904
2798107
2801755
2802643
2802963
2803268
2803839
2804501
2804731
2805361
2807073
2807258
2807324
2808978
2809754
2811129
2811415
2811636
2813783
2814365
2814457
2814553
2815462
2816172
2819673
2820102
2821402
2823808
2823981
2824395
2825134
2826746
2826950
2827035
2827277
2827323
2827407
2827518
2828847
2829627
2829750
2830289
2832257
2832986
2833283
2836082
2837208
2837349
2838375
2838910
2839404
2840170
2842542
2842569
2843289
2843296
2843472
2843808
2845011
2845083
2845121
2845326
2846108
2846691
2847938
2849947
2850757
2852849
2853586
2854051
2857185
2858098
2860510
2860998
2861010
2861452
2862564
2862795
2862911
2864819
2867142
2870088
2871653
2872151
2874769
2876367
2877168
2877856
2878111
2878439
2878635
2878873
2878945
2879162
2879894
2880315
2884179
2884707
2888686
2888726
2889532
2890199
2890354
2890564
2893223
2893333
2894151
2895857
2899496
2899633
2900255
2900998
2902443
2903170
2904461
2904737
2905042
2905262
2906166
2906863
2907188
2907574
2908628
2908976
2909709
2911114
2911130
2911607
2912939
2914188
2916294
2919318
2919808
2920538
2921711
2922777
2923723
2925551
2925808
2926070
2927655
2928134
2929890
2931586
2931725
2933224
2933530
2934025
2934502
2934624
2934904
2936054
2937680
2938632
2939107
2940385
2940503
2941347
2942561
2943052
2946102
2946505
2947043
2947297
2948770
2949338
2949485
2949627
2949867
2952065
2952878
2955599
2959568
2961498
2962054
2963462
2963706
2965205
2967151
2967675
2967841
2970749
2970808
2972496
2972647
2972974
2973039
2973568
2975185
2977206
2978834
2981747
2981750
2981852
2982530
2982549
2983679
2984320
2984931
2985146
2985555
2985858
2988223
2988252
2989009
2990517
2990965
2991771
2996365
2996733
2998598
2998645
3000460
3001207
3001613
3002366
3003745
3005237
3005815
3007057
3010524
3010782
3015785
3019460
3019642
3020621
3021074
3024174
3031104
3031264
3032096
3033124
3033965
3034137
3034493
3035431
3035848
3035888
3037261
3038377
3038545
3039216
3042175
3042242
3043568
3043741
3045912
3046382
3046458
3046601
3047744
3048125
3052565
3057792
3059099
3059970
3060193
3062306
3062966
3063964
3064775
3065132
3065155
3065379
3066202
3067265
3068582
3071148
3072524
3073086
3075077
3077346
3078749
3080147
3080287
3081265
3081480
3083106
3083336
3083470
3085106
3085151
3086143
3086755
3087160
3087383
3087529
3088088
3088970
3089087
3091031
3091477
3091889
3092847
3093772
3094194
3094510
3095542
3095559
3097113
3097840
3098329
3099214
3100039
3100254
3102033
3102312
3102710
3106885
3107852
3107862
3108989
3109217
3111746
3114072
3114145
3115021
3115506
3116114
3118018
3119523
3120079
3121037
3121151
3125989
3126417
3126519
3126666
3126939
3128886
3130082
3131812
3133030
3133885
3139524
3140152
3141115
3144693
3146449
3150385
3153894
3154009
3154122
3154203
3155446
3155669
3159389
3161055
3164992
3165130
3168364
3168901
3169418
3170650
3170888
3170986
3171553
3172006
3172956
3173002
3173253
3173529
3173702
3176196
3179766
3180014
3180276
3180374
3180615
3181853
3182741
3184107
3185492
3185852
3187118
3187812
3189201
3192250
3192841
3194784
3196337
3197567
3200029
3202037
3202083
3202778
3204468
3204728
3206953
3207630
3207666
3208557
3209778
3210401
3212215
3218282
3219605
3220475
3221755
3223833
3223983
3223988
3224862
3225106
3225509
3226201
3227932
3228192
3230167
3230540
3230972
3231077
3231531
3233301
3234106
3234613
3234937
3235433
3235936
3237488
3239409
3241704
3243498
3243994
3245429
3247086
3248555
3249344
3251429
3252292
3252495
3253820
3257783
3258617
3261638
3261815
3262302
3262304
3263090
3264734
3264986
3265917
3268631
3268844
3270359
3271386
3273387
3274859
3275331
3275490
3277968
3278814
3279408
3279419
3282318
3282919
3284575
3284625
3284901
3286120
3286585
3287348
3289201
3290500
3290775
3290853
3291226
3291480
3292688
3293144
3293629
3294015
3295208
3296174
3296656
3297589
3299461
3300953
3301268
3302504
3304129
3305763
3306159
3306686
3307602
3307821
3310196
3310802
3312084
3314361
3317211
3317918
3319337
3321166
3321850
3322217
3322421
3323285
3325045
3327255
3330698
3334419
3335103
3336638
3336708
3336738
3337580
3338387
3339200
3340413
3340498
3342397
3344399
3345784
3346386
3346524
3347330
3350917
3351066
3351714
3351775
3352809
3353257
3354255
3356395
3356675
3357512
3357963
3358074
3358768
3359463
3359491
3360115
3362498
3362511
3363340
3363819
3365492
3366589
3367103
3368327
3369548
3370812
3372184
3372282
3372853
3373727
3379387
3379529
3382194
3382685
3382694
3383443
3383531
3383717
3384686
3385513
3385545
3386259
3386539
3388892
3389111
3389545
3389731
3389746
3389986
3393346
3395747
3398838
3399789
3400357
3403547
3403898
3406754
3407158
3407447
3409844
3409857
3410857
3410986
3411651
3412171
3413493
3414249
3415744
3415964
3416748
3417963
3418144
3418231
3420918
3421259
3423605
3424323
3424954
3425004
3425807
3427639
3428280
3429692
3430570
3430864
3434034
3434724
3436007
3436232
3436774
3436935
3437489
3437725
3438235
3440514
3441272
3444952
3445459
3446450
3448402
3449142
3449641
3450036
3450592
3453110
3453502
3456747
3457606
3457867
3459085
3460290
3460411
3460662
3460698
3460733
3461327
3462431
3463502
3464353
3464805
3465444
3466279
3467156
3467407
3467850
3467873
3469358
3469447
3470404
3470426
3470768
3472569
3472652
3472767
3474246
3474615
3476109
3477009
3478688
3479573
3481113
3481162
3484067
3484538
3484914
3484932
3486317
3487585
3488281
3488680
3488889
3489290
3490631
3492695
3493553
3495542
3498608
3503491
3503660
3505536
3505825
3505857
3506498
3510760
3511860
3512587
3513352
3514931
3515295
3517627
3519628
3519881
3520582
3521046
3521608
3522096
3522978
3523518
3525400
3525948
3526374
3527039
3530187
3532562
3532891
3533789
3534405
3535014
3535045
3537208
3538460
3538822
3539196
3539780
3543464
3551710
3552335
3553520
3553744
3555083
3556341
3556383
3556635
3557308
3557797
3558060
3559349
3560512
3561211
3561660
3563699
3563829
3566161
3567201
3567243
3567659
3567770
3568090
3571462
3571894
3572335
3575502
3576707
3576767
3576972
3579199
3579736
3580806
3580906
3581083
3581608
3581919
3582251
3583152
3584172
3584483
3584922
3585830
3588604
3589336
3589848
3591722
3593400
3594356
3594679
3594786
3596519
3596632
3597559
3597581
3597731
3600234
3600878
3600962
3601468
3602475
3602999
3606271
3607531
3608553
3610282
3610905
3611212
3611665
3612574
3615187
3616439
3619451
3621246
3621580
3621954
3622470
3622559
3622733
3622810
3624167
3624770
3624846
3625402
3625665
3627279
3627659
3628107
3628475
3628948
3629971
3631706
3631792
3633226
3634912
3635359
3636465
3636875
3638856
3639363
3641085
3641154
3642381
3643461
3643520
3644060
3646219
3646548
3649228
3649683
3650341
3650434
3651924
3652203
3654677
3654810
3654954
3655851
3656079
3658048
3659475
3662757
3663143
3665412
3665437
3665522
3665970
3666321
3666544
3667230
3671358
3671402
3671652
3672451
3674042
3674393
3674510
3674948
3676095
3676172
3678251
3678405
3682222
3682508
3683262
3683498
3684389
3684908
3685154
3686333
3686864
3687410
3688444
3690776
3691767
3691833
3691864
3692497
3693193
3694055
3694164
3695836
3696408
3696792
3697901
3698189
3698455
3698486
3700240
3705729
3708376
3712812
3715076
3716793
3718120
3718960
3719567
3720365
3720662
3720770
3723056
3726186
3726189
3726847
3727458
3730027
3730094
3730489
3731256
3731345
3731738
3733201
3734449
3735052
3735958
3737358
3737482
3739524
3740197
3740619
3741948
3745004
3745365
3746448
3747121
3747567
3748072
3749590
3751443
3751974
3751996
3754786
3755042
3755971
3756345
3756530
3756548
3757073
3758603
3758748
3758816
3760324
3761392
3762684
3762768
3764225
3764514
3765252
3768790
3769813
3769815
3769865
3772035
3772162
3772729
3775258
3775555
3777807
3779079
3780830
3780847
3781260
3781679
3781719
3782131
3783356
3784271
3785673
3786121
3788051
3789438
3789500
3790446
3790758
3792078
3797731
3798899
3801089
3801734
3802351
3802489
3804015
3804243
3804401
3804654
3805072
3805887
3806335
3806359
3806516
3807936
3808750
3810018
3812099
3812548
3813631
3814037
3814175
3814853
3815295
3815654
3815925
3817716
3817819
3819112
3819346
3821238
3821254
3822258
3822927
3823873
3824476
3825466
3827468
3827508
3828355
3829415
3831701
3831915
3832071
3833154
3834501
3836130
3836338
3838696
3838856
3839032
3840475
3840893
3844160
3844966
3848026
3849911
3850861
3853947
3854652
3855727
3856007
3856218
3857742
3857830
3857935
3860182
3864844
3864915
3866137
3867879
3867958
3867998
3868812
3870373
3871379
3874043
3874284
3874323
3875131
3875644
3875727
3875818
3876619
3879005
3879276
3879815
3880374
3881183
3881779
3882071
3882107
3882479
3882708
3887521
3887706
3892235
3892821
3893170
3899125
3902202
3903068
3903412
3903683
3903972
3904938
3905085
3905231
3906950
3907750
3908476
3908682
3909531
3910446
3913118
3913434
3913453
3913702
3915312
3916681
3917301
3924413
3925208
3925261
3925342
3925491
3926682
3927451
3929807
3930087
3931784
3933062
3933177
3934424
3934636
3934878
3935452
3935544
3935766
3936533
3936582
3937168
3937879
3937931
3938140
3939132
3939209
3940383
3940413
3941964
3943705
3946743
3947316
3947991
3948812
3952767
3956399
3956475
3956782
3956802
3956928
3957131
3957622
3957838
3957963
3958134
3958508
3958739
3959087
3959468
3961819
3961958
3963855
3965296
3966013
3966397
3967179
3967567
3970610
3971121
3971318
3972436
3973447
3976266
3977651
3978377
3979962
3983959
3984947
3988172
3988320
3990917
3992291
3992593
3993390
3993547
3997359
3997819
3999525
4001626
4002862
4003578
4003879
4004952
4005320
4006008
4006044
4008207
4008927
4008994
4009263
4010186
4011025
4012209
4012598
4012734
4013546
4014562
4014763
4015222
4017020
4017224
4018192
4018561
4021909
4023173
4025444
4026155
4027957
4030686
4031474
4033634
4034181
4036608
4037000
4037431
4040822
4041212
4042519
4043544
4043909
4046299
4046786
4047985
4048566
4050727
4050945
4051109
4051662
4053174
4054239
4055636
4056187
4060054
4060381
4061384
4063224
4064787
4065079
4065845
4065951
4067391
4067648
4068403
4068914
4068959
4069923
4070007
4072916
4073449
4073686
4074649
4075254
4076388
4076988
4077315
4078231
4078498
4080062
4080710
4081594
4083484
4083584
4084701
4085072
4089047
4089767
4090360
4092927
4092955
4093124
4093692
4093749
4094555
4095263
4095307
4097707
4097876
4098115
4100026
4101276
4102199
4102793
4102815
4103816
4103843
4104384
4109417
4110662
4110891
4110918
4112727
4117025
4117625
4119394
4119534
4119792
4120219
4120387
4120698
4121045
4121933
4122968
4123699
4124758
4126470
4127916
4127922
4128188
4128586
4130968
4133094
4133685
4135150
4135374
4135641
4135872
4135885
4136213
4138554
4139096
4140834
4141726
4141866
4144265
4144516
4145945
4146680
4147250
4148277
4148328
4148676
4149315
4150689
4151167
4152430
4152576
4154131
4154367
4154420
4154724
4154912
4155435
4155698
4155758
4156570
4157791
4157885
4158646
4158913
4159205
4160536
4161207
4162454
4162658
4162801
4164471
4165672
4165830
4167193
4167572
4168507
4168995
4169267
4169993
4170857
4170994
4172579
4173456
4173619
4174709
4175424
4176582
4178726
4179143
4179187
4180168
4182750
4184939
4186452
4187558
4187558
4189959
4190526
4190850
4191585
4192112
4192598
4193431
4193905
4194371
4195083
4195274
4195930
4195935
4197204
4199295
4206138
4206550
4206865
4207828
4208134
4209471
4210174
4213360
4213721
4214184
4214263
4217393
4217956
4217997
4218581
4218871
4219066
4219812
4221229
4222484
4222896
4223562
4224786
4225095
4225474
4227120
4227179
4228251
4231313
4233635
4234251
4234972
4235469
4236817
4236952
4238075
4238294
4238347
4239282
4240937
4241108
4242308
4243071
4244946
4245353
4246604
4246708
4247071
4247209
4248042
4248206
4253908
4254073
4254240
4256258
4256850
4258310
4261419
4262177
4263794
4263950
4264364
4266157
4266533
4267474
4269021
4269740
4270026
4270573
4271218
4272552
4274455
4275281
4275525
4275760
4277305
4278105
4278661
4278972
4279088
4279102
4281053
4281568
4284972
4285441
4286300
4286815
4287672
4289258
4289315
4289600
4293709
4293805
4296224
4296841
4297386
4298510
4299968
4301418
4301680
4303874
4306292
4307034
4307501
4309102
4310786
4312122
4315021
4315792
4317161
4318337
4319554
4320816
4320997
4322166
4322839
4324681
4326378
4326492
4326646
4327055
4328353
4328836
4329297
4329427
4329554
4330308
4331138
4331221
4331259
4331337
4332351
4332389
4333548
4335158
4336236
4336813
4337113
4338752
4341016
4342640
4344749
4344940
4345821
4346531
4346715
4347614
4347792
4348377
4348811
4348944
4349496
4350413
4352720
4353336
4354031
4354429
4355078
4356774
4356861
4359500
4359893
4362559
4365481
4365499
4365706
4366358
4366925
4368107
4372942
4373301
4373596
4374250
4375021
4378328
4379463
4379554
4380138
4380287
4382430
4382651
4383995
4384421
4385111
4385716
4386715
4389519
4390107
4390107
4390786
4390903
4391363
4391518
4392162
4392672
4393396
4395695
4395732
4399063
4400510
4402111
4403061
4403320
4403774
4404108
4405115
4409122
4409584
4411337
4413832
4414712
4415238
4417219
4417231
4418281
4418496
4421682
4422268
4422711
4423086
4423199
4425385
4428205
4428866
4428972
4431281
4432427
4432971
4433060
4433120
4433189
4433291
4434870
4435674
4436202
4436251
4437142
4439987
4440825
4441272
4442036
4442813
4446905
4447061
4449605
4450456
4451459
4451973
4452813
4455028
4455905
4455975
4456194
4457034
4457783
4458334
4458642
4458848
4461788
4461923
4463126
4465765
4466543
4468177
4468905
4470423
4474183
4474504
4474518
4475112
4476276
4476394
4476514
4477944
4478177
4478440
4479728
4480021
4480330
4480783
4483612
4483776
4484732
4485716
4487076
4488255
4489556
4489705
4490347
4490983
4491067
4492966
4493392
4493896
4494891
4495250
4495955
4496768
4496861
4496966
4497023
4498721
4499014
4499801
4500367
4500385
4505497
4506641
4507192
4508433
4509078
4510281
4510668
4511152
4514417
4515212
4515541
4515897
4516927
4517409
4517643
4518149
4519204
4519986
4521237
4523128
4523883
4527118
4529365
4529939
4530731
4532941
4533127
4534272
4535573
4535614
4536066
4536093
4536125
4536792
4538090
4538149
4538856
4538879
4540081
4541866
4542732
4542813
4542827
4543281
4544533
4545779
4547475
4549705
4550743
4551023
4553884
4555886
4555979
4556180
4556804
4557575
4560051
4560407
4562346
4564648
4565092
4566578
4566583
4567770
4569781
4570201
4570486
4573709
4577591
4578011
4578723
4578793
4579214
4579606
4579802
4580514
4581830
4581874
4582804
4584318
4585140
4585755
4586030
4586307
4587461
4590250
4590399
4590639
4591220
4591416
4593032
4595245
4596255
4597578
4597636
4598503
4598776
4599878
4601810
4602169
4602421
4602933
4604607
4605208
4606345
4606432
4606610
4607313
4608166
4608219
4609696
4609830
4612915
4613188
4613632
4613946
4614761
4614845
4616461
4616732
4617180
4619148
4619173
4620003
4620141
4621092
4621300
4624223
4624323
4624772
4625673
4626405
4626445
4626578
4628038
4628668
4630431
4630820
4632277
4632538
4633001
4633731
4633928
4634302
4635193
4636105
4637968
4638122
4639827
4642218
4644264
4644920
4646688
4648035
4650586
4651389
4655374
4655634
4656367
4657685
4658558
4660048
4663662
4664144
4665450
4666110
4666166
4671164
4675715
4676872
4677280
4677743
4679183
4680832
4683875
4684982
4685799
4686517
4687541
4688082
4690337
4691016
4691534
4692370
4692728
4695644
4695809
4697209
4697485
4698756
4698862
4700955
4701466
4702071
4702972
4704852
4705210
4705335
4707682
4709762
4712353
4713279
4715114
4716075
4718352
4718639
4718706
4718971
4719617
4721263
4721551
4723865
4726026
4726310
4726957
4727883
4728767
4729480
4729968
4730745
4730768
4731682
4732819
4732921
4732943
4734921
4735494
4736342
4737207
4737463
4738405
4739194
4739823
4740199
4741616
4746812
4749735
4750666
4751545
4755865
4756080
4756749
4757965
4758566
4758769
4761854
4762241
4762721
4764762
4765335
4767523
4768628
4769069
4769278
4770943
4771331
4771933
4774211
4774548
4776969
4777129
4777182
4777238
4778581
4779723
4781048
4781464
4784655
4787327
4789346
4791326
4793519
4793582
4796250
4797080
4798326
4798958
4800314
4801449
4802782
4803051
4803163
4803317
4803518
4805421
4805761
4805903
4807086
4807751
4809547
4809740
4811332
4811574
4811880
4812477
4814681
4814859
4817807
4817955
4818434
4820660
4820863
4821392
4822312
4822514
4822993
4823847
4824181
4824190
4824487
4826123
4828003
4828435
4830814
4830984
4831048
4832813
4834510
4835566
4838225
4840541
4841345
4841449
4841746
4842394
4844026
4844752
4845284
4845396
4846588
4847890
4848560
4849314
4850738
4850816
4851985
4851987
4852069
4852189
4853087
4854224
4855669
4856630
4859185
4859196
4859792
4860592
4861593
4862127
4865177
4865994
4866890
4868936
4869058
4869525
4870910
4870985
4872210
4872809
4873276
4874568
4874595
4874814
4875174
4877875
4878396
4878747
4878994
4880882
4882780
4883555
4885787
4886546
4886557
4886824
4888295
4889620
4890107
4890419
4890813
4894708
4895028
4895183
4895552
4896991
4897711
4900557
4900694
4901113
4901576
4902398
4905654
4905902
4906461
4907848
4908515
4909454
4909720
4911612
4911643
4912863
4914498
4914851
4917488
4918226
4918736
4919384
4920240
4920378
4921000
4924001
4924006
4924233
4925949
4926664
4926839
4928344
4929809
4930169
4931519
4932631
4934523
4934957
4936325
4937258
4938708
4938882
4939070
4940109
4940957
4941262
4943543
4944481
4944871
4945391
4946364
4946799
4947847
4948113
4950334
4950584
4951189
4951580
4951989
4952435
4954081
4954443
4957723
4958908
4959244
4959961
4960432
4960626
4962138
4963015
4963916
4964814
4964822
4967574
4968106
4969044
4970506
4972100
4972481
4975583
4976250
4977309
4977832
4978288
4979417
4979786
4980553
4982043
4982753
4983201
4987325
4990444
4991016
4991037
4994184
4995063
4996393
4996612
4996613
4997029
4997636
4997985
5000784
5001246
5002928
5003350
5003492
5006355
5015047
5015127
5016272
5018731
5019368
5019731
5019857
5021097
5021697
5023844
5023871
5023994
5024479
5025037
5025645
5025749
5026483
5027000
5027979
5030236
5031089
5031316
5031615
5032186
5033681
5036481
5038040
5038242
5038455
5038481
5039334
5041201
5042003
5043066
5043591
5043738
5043928
5044329
5044882
5045166
5045567
5046493
5048047
5048939
5049072
5049089
5049592
5050061
5050653
5052783
5053277
5053829
5054561
5058228
5058717
5059759
5061035
5062621
5062691
5063271
5065471
5067983
5068853
5069191
5070376
5071839
5072320
5073325
5073405
5075035
5075618
5078603
5079094
5079390
5079815
5081977
5082181
5082838
5084363
5086023
5088737
5089638
5090915
5091349
5091933
5092097
5093830
5094551
5096854
5097062
5099172
5099239
5100724
5102219
5102426
5104355
5104379
5105550
5108089
5110511
5110881
5114273
5114391
5115383
5116825
5117040
5118149
5119152
5119641
5120878
5122756
5124855
5129148
5130132
5130241
5131194
5133214
5133559
5133682
5134022
5134402
5136303
5136388
5138824
5138981
5140767
5142889
5143264
5143320
5149082
5149164
5151697
5151773
5152195
5154061
5155684
5155988
5156823
5157192
5157627
5158181
5158543
5158633
5159428
5161628
5163637
5163816
5166393
5167459
5168723
5168977
5169127
5171007
5171766
5172147
5172163
5172904
5173464
5174867
5175600
5176737
5176991
5178374
5179114
5181377
5184519
5186095
5186140
5186750
5186758
5186910
5188856
5189905
5193087
5194446
5196635
5197946
5197962
5198675
5199465
5199655
5199975
5200075
5200182
5200211
5201041
5202518
5203018
5203309
5203496
5204590
5204629
5205938
5207008
5207876
5209792
5211384
5212001
5212709
5213226
5218109
5218719
5219555
5220659
5220975
5221252
5222905
5223718
5224518
5227745
5230178
5230697
5231106
5231873
5232561
5233281
5234866
5236960
5236984
5237436
5237485
5238204
5238809
5239627
5239841
5241079
5241176
5241218
5242842
5242989
5243937
5244056
5244535
5245333
5246363
5247133
5247408
5251169
5252469
5253221
5253342
5256365
5256508
5257315
5257706
5259189
5260255
5263190
5264638
5264778
5266187
5266499
5267005
5267989
5268328
5268558
5270000
5270229
5270339
5271682
5271875
5272102
5272109
5272428
5274660
5275229
5277914
5278578
5279206
5279717
5281187
5281747
5282359
5284007
5285271
5291283
5292560
5294477
5294584
5294587
5295643
5295655
5297357
5297864
5297897
5298370
5299100
5299704
5300605
5300988
5301605
5302552
5302626
5305010
5305153
5307443
5307548
5308799
5310356
5310891
5311494
5312682
5313069
5313131
5314670
5314825
5315467
5315956
5316198
5317430
5320256
5320324
5320976
5321284
5322346
5323927
5327118
5327771
5329722
5329805
5329925
5330871
5330900
5331117
5331906
5332708
5333667
5334343
5336439
5336566
5336583
5337710
5338892
5339326
5339481
5340135
5340696
5342462
5343474
5343576
5344478
5344805
5345331
5345525
5345696
5346446
5346635
5347136
5347366
5350480
5350508
5350517
5350997
5352433
5353970
5355841
5356895
5357626
5358006
5358128
5358854
5358956
5360162
5361706
5362564
5363830
5364342
5364538
5364618
5364619
5365446
5366250
5366660
5368066
5370463
5371499
5372989
5374262
5374773
5375715
5376524
5377982
5378017
5378697
5379210
5381222
5383334
5384172
5384834
5385688
5386163
5386648
5388287
5391163
5391379
5395715
5397196
5397425
5400220
5401106
5401268
5401500
5401602
5402072
5403542
5403624
5404068
5404221
5404645
5408331
5408449
5408618
5412176
5414565
5417149
5419095
5419185
5419252
5420088
5421680
5422702
5423880
5425027
5425582
5426149
5426418
5426521
5428270
5428739
5430188
5430254
5430575
5431334
5432639
5433877
5435827
5436069
5437471
5437531
5437796
5438348
5438722
5441348
5441621
5441673
5447808
5450346
5451418
5453400
5453610
5453978
5454653
5456070
5458505
5458926
5460947
5460990
5461428
5461809
5466259
5466923
5467742
5467906
5468126
5469782
5472624
5474135
5474152
5477656
5478103
5480030
5480181
5480336
5481897
5482358
5482382
5482494
5484603
5486038
5487410
5487542
5490387
5490917
5492247
5492621
5492798
5493844
5494528
5495096
5496802
5497466
5497986
5498021
5499521
5500729
5501198
5504255
5504313
5505304
5505751
5506267
5506470
5506822
5507198
5507830
5508045
5509045
5509047
5509060
5509485
5510579
5511330
5513206
5513301
5515221
5516231
5517636
5518480
5518911
5519384
5519609
5522697
5524489
5524877
5525511
5525785
5527326
5528406
5528736
5530682
5532015
5533151
5534322
5535608
5535773
5536455
5536466
5537411
5538027
5538375
5538575
5540804
5541835
5542275
5543711
5545612
5547019
5547199
5548585
5550828
5551441
5552315
5553920
5556520
5556748
5557179
5557223
5557948
5558195
5558791
5558909
5559354
5559487
5560929
5563914
5564326
5567989
5568247
5570720
5570755
5570841
5571014
5571777
5572503
5572629
5572636
5572708
5573964
5574961
5575773
5580427
5580503
5581906
5583384
5583508
5585589
5587100
5590770
5591087
5591388
5594001
5595713
5597042
5597245
5598069
5598531
5601115
5602383
5602668
5603643
5604351
5606270
5608650
5610253
5611590
5612620
5613127
5614668
5615128
5615713
5615993
5616319
5616665
5616807
5617293
5618212
5618311
5619234
5622064
5624512
5624852
5624968
5625100
5626303
5626963
5627317
5628048
5628437
5632057
5633102
5633184
5634734
5635549
5636717
5638320
5638472
5638729
5638885
5642159
5644576
5645113
5645494
5646847
5646965
5649094
5649252
5649354
5650425
5650970
5651105
5652080
5652773
5653880
5653976
5654858
5655719
5656952
5657166
5657576
5658346
5658656
5659289
5659332
5659728
5660734
5661024
5663681
5663950
5665031
5665133
5665369
5666054
5666405
5667257
5668053
5668197
5672167
5672351
5675332
5675738
5677861
5679456
5680168
5681345
5681480
5681742
5681987
5683428
5684222
5685816
5688137
5688772
5690530
5690776
5692029
5693752
5694650
5695173
5696674
5697220
5698319
5699809
5700702
5701777
5702201
5702217
5703827
5705342
5706161
5706316
5708792
5711177
5711696
5712775
5713242
5713672
5715190
5716603
5716814
5722290
5723446
5724743
5725214
5726719
5727516
5728214
5729420
5731392
5732430
5734590
5734882
5734928
5736430
5737075
5739673
5743273
5745493
5747388
5747744
5748483
5750019
5750352
5750390
5750494
5751310
5751382
5751858
5752028
5752068
5752698
5754446
5754500
5754545
5755988
5756602
5757077
5758646
5759105
5761146
5762634
5762722
5762744
5765031
5766770
5768466
5769651
5770290
5771584
5771825
5773849
5774243
5774264
5775936
5776213
5776425
5776857
5777959
5777969
5778487
5778874
5779595
5780012
5780168
5780273
5780395
5780616
5781657
5782469
5783372
5783822
5785359
5786226
5787182
5789352
5789465
5792702
5792904
5792966
5795551
5795714
5798208
5798729
5801391
5801562
5801608
5802127
5802242
5802670
5805945
5806699
5806853
5807308
5807590
5807968
5809919
5810495
5810891
5810996
5811234
5811242
5818587
5818889
5820009
5820684
5822740
5824448
5825177
5825220
5825432
5827205
5827540
5828019
5828135
5830327
5831618
5832557
5832594
5833618
5834049
5835067
5836407
5836618
5838337
5839119
5839186
5840795
5841045
5842969
5843378
5844237
5846182
5847296
5847309
5851618
5852377
5853477
5855415
5855818
5858176
5858318
5858624
5860447
5861182
5862405
5863665
5864675
5865285
5865294
5866252
5872953
5873627
5873763
5875582
5878673
5880262
5880786
5881131
5881183
5881377
5882265
5882448
5883020
5883511
5885276
5886684
5886832
5887352
5887781
5888447
5888850
5889286
5889511
5890112
5890844
5892887
5894360
5896014
5896288
5896683
5897581
5898471
5898914
5900051
5901113
5901498
5903961
5904277
5906682
5907665
5907859
5910099
5910123
5913097
5914205
5915791
5916651
5918860
5920156
5920525
5922553
5924779
5925477
5925503
5927696
5928628
5928655
5932219
5932977
5933578
5934587
5936485
5937894
5938016
5938515
5939559
5940752
5941106
5941244
5941584
5945444
5945987
5946810
5947544
5947648
5948788
5949286
5949512
5949977
5951225
5952937
5953563
5953745
5954288
5954360
5954654
5955263
5955508
5955999
5957500
5957553
5959215
5960652
5961675
5962128
5962383
5962843
5963155
5966371
5967356
5967624
5968534
5968974
5969203
5971078
5971593
5973319
5973827
5973866
5974463
5974778
5976656
5976826
5978366
5980264
5980470
5980971
5981822
5982208
5983191
5984252
5984446
5984482
5985824
5986040
5990348
5991231
5992191
5992977
5993640
5994053
5995239
5996616
5998054
5999101
5999526
6002232
6002759
6002981
6004178
6006864
6008711
6009065
6009558
6010910
6011006
6012717
6014032
6014806
6014878
6018147
6019255
6019519
6022141
6022935
6024045
6024919
6026001
6027007
6027039
6028089
6028232
6028634
6031106
6031406
6032971
6033161
6034429
6034664
6036127
6036374
6038929
6038929
6039419
6040552
6040573
6041049
6041651
6042297
6042758
6042850
6043079
6043442
6044111
6044456
6044514
6044912
6045359
6049327
6049569
6049740
6052864
6053322
6054113
6055693
6056781
6058001
6058543
6058594
6058834
6061916
6062029
6062330
6062731
6063887
6064916
6064983
6065674
6066974
6067599
6069489
6072776
6074157
6074196
6075954
6076064
6080822
6084682
6084801
6087390
6088265
6088300
6089281
6090758
6092315
6094133
6094255
6095830
6097940
6099179
6099271
6103341
6103903
6105500
6108282
6110871
6113032
6113522
6115217
6115715
6117416
6117495
6118712
6119892
6120293
6123238
6123996
6126031
6128585
6129190
6130578
6130637
6132354
6133920
6134985
6138241
6140166
6140739
6140847
6143076
6143252
6144610
6145092
6145160
6146536
6147339
6149937
6153164
6153276
6153794
6154827
6154999
6160381
6160708
6162237
6162362
6162542
6163709
6164065
6164601
6165072
6165803
6167040
6167133
6168318
6168936
6169805
6169996
6170665
6170710
6172090
6172630
6173450
6173712
6174724
6176259
6177192
6177776
6178351
6178761
6180300
6180323
6181200
6184252
6184542
6186589
6186706
6186941
6187317
6187484
6189327
6189460
6189571
6189766
6190483
6193605
6196748
6197201
6201177
6201857
6204371
6206809
6207478
6207607
6210029
6210698
6212720
6213583
6214372
6214418
6215073
6217674
6218095
6219617
6222315
6222852
6223242
6224610
6225466
6225846
6226047
6226320
6227201
6227465
6228247
6229030
6231071
6231716
6232500
6233054
6234578
6235122
6238102
6238523
6239130
6239317
6239918
6240768
6241208
6242140
6242206
6242931
6243783
6244259
6244322
6244412
6246039
6247818
6248345
6249102
6250095
6250810
6250824
6250868
6251419
6256532
6258331
6259087
6261254
6262020
6262252
6262566
6263536
6264056
6264112
6264417
6266681
6267759
6268214
6268228
6268281
6268725
6269557
6270040
6270841
6270922
6271612
6272281
6272546
6272748
6273366
6273458
6273868
6275594
6276363
6276491
6277582
6278022
6280055
6280729
6281827
6282198
6282396
6285065
6286474
6286529
6287266
6287320
6289805
6290141
6290359
6291716
6291927
6294520
6294706
6297358
6297824
6298664
6298878
6299789
6300139
6301404
6303886
6304139
6305037
6305671
6308031
6308349
6309429
6310338
6310599
6313276
6314329
6315129
6316391
6318152
6318313
6320229
6321607
6321889
6322863
6323474
6323763
6325179
6326588
6327055
6327253
6327944
6328243
6329975
6330142
6332002
6332331
6332813
6333913
6334856
6335793
6336123
6336128
6336627
6337174
6338125
6339503
6339915
6340115
6340578
6341353
6343801
6343838
6344079
6345669
6345729
6347365
6347495
6349470
6349475
6349657
6350426
6351271
6352666
6353092
6353565
6355285
6356804
6357129
6358526
6358607
6359657
6360233
6361823
6362937
6363325
6363510
6363915
6366250
6366577
6368379
6369539
6369697
6372511
6372942
6373253
6376696
6377257
6377721
6377755
6377855
6378696
6379161
6381900
6382723
6383049
6383093
6383372
6386870
6387780
6387795
6388080
6388358
6389143
6391175
6393222
6394518
6394793
6394812
6395291
6395773
6396349
6396994
6397524
6398193
6401351
6401383
6403953
6404546
6405606
6405677
6405858
6406554
6407543
6407718
6409079
6411693
6411870
6412249
6412409
6412490
6413760
6413850
6416208
6416877
6417099
6417447
6417502
6417570
6417681
6417827
6418025
6421011
6421322
6421803
6422169
6424110
6424571
6425520
6426652
6427409
6428605
6428659
6429140
6429686
6429719
6432957
6434417
6436327
6436359
6437058
6439253
6440892
6441453
6441793
6442178
6442305
6443706
6451438
6452183
6452291
6453732
6454622
6455998
6457026
6457143
6457364
6457781
6457832
6457848
6459026
6459366
6461566
6461709
6462023
6464153
6465217
6465411
6468485
6469326
6469372
6470975
6471674
6473027
6474283
6477018
6477508
6479745
6481272
6481891
6482583
6483729
6485237
6486551
6486993
6487815
6488067
6489471
6490888
6491731
6492164
6494121
6495778
6495874
6497885
6502617
6504192
6504402
6506742
6506937
6507238
6507922
6509322
6509760
6510480
6513578
6513853
6515841
6515938
6517853
6518317
6519787
6520330
6520732
6520745
6521113
6521281
6522120
6522208
6523079
6523339
6524684
6525116
6525913
6526041
6527505
6528077
6529668
6530378
6532771
6533826
6534231
6534410
6535469
6536816
6536963
6537180
6537425
6539126
6539217
6539509
6542020
6542765
6543369
6543541
6544023
6544143
6545269
6545952
6546339
6546792
6549273
6550309
6550777
6551655
6552123
6554725
6556104
6556122
6556824
6557774
6558562
6559328
6560738
6562658
6562951
6564814
6564924
6565997
6566210
6567214
6568819
6574316
6574420
6576370
6576539
6577044
6578371
6578566
6579104
6579721
6580972
6581459
6582236
6582999
6584168
6585168
6587512
6587645
6587850
6588391
6588485
6590220
6590356
6590464
6591102
6595708
6597032
6599544
6600831
6603309
6604351
6605761
6607315
6608746
6608866
6609031
6609524
6611484
6611672
6612999
6613866
6614300
6615211
6615775
6615899
6618265
6620274
6621090
6622278
6622871
6624247
6626593
6626928
6628256
6629933
6631082
6632278
6633942
6636300
6636740
6637794
6637919
6640936
6641532
6641770
6641813
6642423
6642623
6642990
6643326
6644717
6648600
6648965
6649578
6651180
6652102
6653586
6653666
6653700
6654298
6655809
6655936
6656948
6657135
6663700
6663986
6668045
6668147
6668810
6669203
6669285
6669804
6670226
6672972
6673140
6674236
6674346
6675107
6675133
6675511
6676475
6678562
6678670
6679720
6680611
6680957
6681273
6681966
6684335
6685439
6685441
6690978
6691014
6694521
6696481
6698683
6699642
6700306
6700566
6701897
6703573
6704530
6705338
6705456
6705739
6707928
6708614
6711672
6712240
6714566
6719463
6721030
6722733
6722966
6723390
6724016
6724417
6724947
6725573
6726276
6726373
6726780
6728050
6728246
6728766
6729328
6730017
6732251
6732344
6732950
6733482
6733896
6735698
6738938
6740518
6740760
6741681
6742205
6742483
6743129
6743153
6744791
6745955
6748233
6749111
6749419
6749840
6750132
6750141
6751053
6753567
6754183
6754453
6756595
6759155
6760488
6760538
6765158
6765865
6766645
6767251
6768292
6768425
6769524
6770099
6770113
6770114
6771200
6772942
6774225
6775598
6775949
6776115
6776552
6777013
6777448
6777991
6780257
6781374
6782431
6782827
6783225
6784951
6785237
6786296
6786359
6787103
6789380
6789451
6791374
6791684
6791690
6792627
6793187
6793232
6796490
6796845
6797595
6798228
6798939
6800340
6800544
6800626
6804111
6804696
6805117
6807515
6808589
6808712
6810935
6811655
6812079
6813411
6813838
6814769
6816504
6816874
6818420
6819205
6819250
6819405
6820082
6821003
6821803
6821858
6821926
6821971
6823095
6824482
6826634
6827681
6828539
6828623
6829336
6832618
6834476
6835773
6836926
6837655
6838432
6839799
6841972
6843209
6843227
6846487
6846783
6848069
6848342
6851048
6854621
6855811
6857510
6857513
6858262
6858272
6858425
6858484
6860188
6860916
6862820
6864293
6864577
6866125
6867432
6867716
6867825
6868165
6868296
6868803
6869295
6871180
6871180
6872040
6872394
6873209
6873648
6873679
6874416
6874574
6874622
6874672
6875226
6875744
6876753
6877250
6877525
6877755
6878512
6878749
6881292
6882321
6882715
6885680
6885997
6886350
6888061
6889521
6890087
6891983
6894840
6895056
6896559
6896739
6897932
6898418
6898769
6899815
6900561
6902866
6902884
6905349
6906211
6906264
6907659
6908134
6908994
6909148
6909332
6910410
6910500
6910958
6912070
6913056
6914723
6916967
6917995
6919409
6919931
6920606
6921450
6922640
6923978
6924384
6925612
6925645
6929968
6934241
6935973
6936046
6936871
6936890
6937831
6938955
6940319
6940874
6940952
6943698
6944318
6945440
6945811
6946245
6946443
6947337
6949111
6950976
6950977
6952221
6953129
6953188
6954579
6956429
6957739
6957813
6959257
6960212
6961328
6961672
6963009
6965126
6966013
6966602
6966709
6968882
6970212
6970714
6971629
6972031
6973248
6973349
6975150
6976336
6976855
6978893
6979546
6980230
6980657
6980848
6982083
6982461
6985367
6985877
6986173
6987435
6988862
6989025
6989308
6990188
6990265
6991033
6991053
6994416
6995977
6996980
6997341
6997620
6998970
6999427
6999784
7001508
7002279
7003456
7004069
7004796
7005304
7005963
7006349
7006523
7007420
7010365
7011720
7012297
7012362
7012987
7014006
7014371
7014952
7016379
7016716
7018141
7018704
7019065
7019293
7021049
7021119
7022271
7022309
7023525
7026999
7027340
7028631
7030088
7030131
7031449
7031468
7032286
7032488
7033235
7033326
7034813
7035133
7035888
7037802
7038286
7038299
7039672
7041824
7043718
7043887
7045266
7046020
7046834
7048745
7049073
7049896
7050993
7053303
7053704
7054181
7054505
7055084
7056388
7056828
7059335
7059551
7060661
7061543
7063170
7064212
7064373
7064406
7065741
7066908
7066924
7068122
7068589
7069054
7069941
7071612
7072729
7072791
7073124
7074705
7075450
7077622
7078186
7078980
7079189
7079687
7080170
7082140
7082147
7083367
7084507
7084672
7085087
7087260
7087906
7088807
7089504
7089943
7091707
7092117
7093546
7094519
7095246
7095739
7095800
7096715
7100934
7101506
7101648
7101941
7102313
7102342
7102749
7103066
7103873
7104510
7106070
7106167
7106232
7106478
7106487
7106551
7108183
7108900
7110183
7111261
7111376
7112409
7112433
7112704
7112795
7112958
7113366
7113909
7114021
7114812
7114868
7116072
7117140
7117492
7119351
7123560
7124768
7129684
7129791
7130836
7132548
7133442
7135591
7135664
7135843
7136962
7139021
7139282
7140634
7142107
7142833
7143529
7144270
7147274
7148448
7148653
7149632
7150432
7150516
7155451
7155627
7158297
7158408
7159764
7160462
7160789
7161529
7161729
7162838
7163643
7164244
7166216
7166614
7169076
7169294
7169330
7169353
7170406
7171910
7173992
7174132
7175623
7175676
7175816
7177089
7178105
7178111
7178797
7179066
7179113
7179279
7179675
7180376
7180974
7181189
7182615
7182937
7183241
7183656
7183763
7184418
7185237
7186764
7187048
7187484
7189392
7190463
7192146
7192306
7194464
7195582
7198364
7199578
7201305
7202307
7203535
7204030
7205842
7206579
7207469
7209551
7210197
7211508
7212410
7212494
7214091
7214098
7214772
7216113
7217021
7217758
7219082
7219458
7220357
7222100
7223561
7224134
7225576
7225739
7227863
7230626
7233616
7234228
7237777
7239560
7239684
7240983
7242372
7243774
7244751
7244841
7246029
7247500
7250812
7250902
7251043
7255671
7255869
7256783
7258927
7259076
7262720
7263287
7263347
7263401
7263711
7264124
7265477
7266489
7266757
7268830
7269262
7269388
7274395
7274507
7274968
7276800
7277526
7277921
7278402
7278936
7278955
7279743
7279907
7280196
7280345
7280985
7281822
7284063
7284119
7286020
7286606
7286796
7288579
7289444
7290329
7292078
7292603
7293311
7294003
7294555
7294682
7294906
7296080
7297554
7300412
7302669
7302909
7303532
7305730
7307207
7308049
7308113
7309183
7309368
7310092
7310643
7311515
7311671
7311875
7312940
7313867
7313929
7319950
7320182
7320673
7320963
7321281
7321735
7322813
7324123
7324723
7324870
7325045
7325328
7327959
7330472
7330667
7332189
7333713
7335899
7337087
7337288
7339946
7342165
7343457
7344310
7344630
7344922
7344957
7346756
7347718
7347810
7348634
7348657
7352286
7352632
7352868
7353182
7353249
7353345
7354666
7355001
7355524
7355697
7357146
7357802
7359005
7359606
7361269
7361392
7361883
7362329
7362741
7363044
7363369
7363625
7366040
7369720
7369978
7370006
7373186
7374368
7374761
7375561
7375714
7375974
7376309
7377255
7377732
7378406
7379568
7382688
7382712
7384425
7386030
7386258
7387246
7387949
7389332
7389743
7390416
7390437
7391408
7392136
7392602
7394554
7395712
7399664
7403086
7403800
7404765
7404965
7405145
7405252
7406611
7407586
7407921
7408089
7409254
7409358
7409613
7411486
7412676
7415439
7415522
7417231
7417393
7417574
7418121
7419813
7421266
7423391
7423903
7426076
7426547
7428276
7432908
7433929
7435531
7436659
7436693
7442196
7443219
7445626
7446051
7446961
7448022
7448484
7451975
7452375
7453139
7454191
7456091
7461304
7461922
7462755
7462803
7465331
7465792
7465973
7467298
7468341
7468922
7471077
7471468
7472865
7474191
7476989
7478826
7480840
7482997
7483481
7483943
7485025
7485408
7485455
7485918
7486618
7486971
7489442
7490323
7490344
7492632
7493836
7494790
7495285
7495619
7496220
7498097
7500547
7500969
7501205
7501696
7503074
7503764
7503962
7504504
7504611
7506262
7506852
7507088
7507659
7507976
7509409
7510507
7511703
7512177
7512839
7514211
7514711
7514996
7515223
7515276
7517119
7517191
7517805
7518598
7519782
7520507
7527290
7527846
7527994
7530247
7530526
7530984
7531501
7532923
7533092
7533106
7533388
7534732
7535766
7537403
7538895
7539457
7539914
7541190
7541490
7541772
7541941
7542241
7542775
7544147
7551398
7551802
7553154
7554964
7555342
7556315
7556410
7556725
7556774
7557053
7557259
7557848
7558059
7558074
7559481
7560181
7560703
7561500
7563096
7565166
7565662
7566363
7566833
7567311
7567807
7570312
7570730
7571560
7571918
7573317
7573855
7574832
7576109
7577377
7578731
7578773
7580136
7580743
7581887
7581920
7583221
7584052
7588642
7588963
7589745
7590526
7591279
7592435
7592631
7593713
7594200
7594341
7594400
7595891
7596038
7596250
7596509
7597882
7598162
7598166
7598189
7598476
7598645
7601159
7602813
7605372
7606682
7607128
7607409
7607638
7608052
7608384
7608958
7609687
7609715
7610319
7612480
7615647
7617177
7617309
7617339
7618280
7618576
7619094
7619149
7619821
7622508
7622574
7623684
7626452
7627363
7627829
7631162
7631207
7631249
7631528
7636727
7637261
7637841
7643585
7643787
7644059
7644997
7646911
7648660
7648847
7649480
7650309
7650641
7651237
7651857
7652419
7653130
7653317
7657486
7661049
7661169
7663090
7664892
7665760
7666087
7670274
7670355
7670611
7672005
7675183
7676042
7676186
7677223
7678080
7678496
7678838
7679034
7680508
7682421
7682995
7683764
7684069
7684442
7686340
7690064
7691386
7695126
7696331
7700903
7702897
7703710
7704740
7704919
7704957
7705670
7706324
7706562
7706654
7707030
7708103
7709426
7710995
7711409
7712321
7714117
7714387
7715359
7718116
7721079
7721213
7721665
7722197
7723000
7723544
7723969
7724481
7726262
7727325
7728931
7729125
7729284
7730803
7731581
7732479
7732664
7734684
7734904
7736725
7739460
7739692
7740147
7740933
7741045
7741643
7742430
7743343
7743687
7745017
7747573
7749597
7752284
7752387
7752879
7753553
7755791
7756267
7756961
7759366
7760337
7760367
7760439
7761234
7762001
7763298
7763344
7763422
7763943
7764245
7765135
7766056
7767647
7770873
7772025
7772927
7775382
7775495
7777302
7779143
7779538
7779779
7782422
7784650
7785353
7785364
7785758
7787549
7788484
7789579
7790493
7791091
7792421
7793042
7793874
7794413
7795554
7796347
7797656
7797677
7803621
7806012
7806480
7808221
7808728
7809460
7810251
7810395
7811372
7811861
7813164
7813818
7814888
7815522
7816143
7818208
7818645
7818836
7819224
7820991
7821865
7823337
7825645
7826113
7826431
7830110
7832344
7833074
7833107
7833364
7834342
7834916
7836937
7837918
7838321
7838930
7839936
7841273
7841630
7842928
7843574
7845589
7846918
7847582
7848108
7852550
7852667
7853085
7853318
7854913
7856531
7856546
7856777
7859488
7860480
7860522
7861749
7862303
7863036
7863037
7864000
7868548
7871034
7873828
7875214
7876449
7877218
7877434
7877511
7877778
7881959
7883159
7884296
7884363
7885079
7885095
7885153
7885469
7887522
7888533
7888823
7889459
7891653
7891790
7892146
7892988
7893384
7893629
7898123
7898133
7899960
7900115
7902118
7902248
7903113
7903254
7904743
7905185
7907606
7907807
7910594
7910757
7912954
7914155
7914797
7915750
7916815
7917889
7918217
7918722
7919426
7919705
7919751
7920532
7921484
7923063
7923422
7924619
7925272
7925683
7926144
7926641
7928737
7931226
7931454
7932932
7933098
7933857
7935991
7938238
7940564
7940753
7941137
7942005
7942027
7942739
7943666
7945627
7946913
7947175
7947249
7948157
7948482
7948587
7952333
7952583
7953585
7953851
7953897
7953994
7954026
7955582
7957913
7958510
7958658
7959410
7960250
7960952
7962468
7963192
7964186
7965792
7966209
7967273
7968935
7969313
7969999
7970579
7970673
7971343
7972450
7972859
7972865
7973793
7973910
7975174
7975330
7976321
7976391
7980546
7984342
7986418
7989022
7989084
7989241
7990317
7991439
7992722
7993845
7994533
7995160
7995655
7996136
7999700
8002927
8004950
8004993
8005047
8006592
8009669
8009757
8011225
8012850
8014704
8017361
8017398
8018660
8021582
8023278
8024078
8026539
8026720
8026826
8026974
8029035
8029163
8029483
8029520
8030170
8031699
8032574
8033236
8035088
8036575
8036863
8038830
8038949
8039187
8040238
8040281
8041784
8043041
8044748
8046203
8047249
8047290
8047309
8051067
8051796
8051807
8052423
8052859
8053297
8053331
8056615
8058330
8062084
8062950
8064433
8064890
8067246
8067943
8070259
8070451
8071014
8073180
8073448
8077318
8077603
8078316
8081598
8081852
8081918
8082509
8082728
8085811
8086175
8086277
8086374
8086403
8086657
8086728
8087663
8089670
8089908
8094036
8094189
8095355
8097472
8097551
8098059
8099207
8100352
8102228
8103903
8103962
8104001
8106163
8106437
8108236
8108488
8108841
8110003
8110401
8111728
8112371
8113280
8113357
8114655
8115327
8119925
8119950
8120188
8121819
8123050
8124721
8124770
8125643
8125788
8125910
8126786
8127414
8128190
8128711
8129224
8130908
8131807
8132840
8133973
8134335
8135116
8135302
8135899
8135997
8136058
8137862
8138470
8138649
8140863
8141183
8142854
8143309
8143713
8145026
8147412
8150469
8151370
8152625
8155429
8155846
8156629
8158387
8158808
8160061
8161231
8163039
8164596
8165503
8165602
8168379
8169121
8170384
8171511
8171894
8172023
8172180
8174049
8174594
8176422
8176426
8177488
8179231
8184013
8185545
8187084
8187190
8187342
8188163
8190769
8191818
8192363
8192751
8194327
8197505
8198100
8198469
8198676
8200299
8200671
8201634
8201724
8202078
8205572
8205658
8206824
8207225
8207304
8208171
8211995
8213845
8214335
8215371
8215678
8216058
8217448
8217575
8218833
8220838
8221119
8223453
8224366
8224767
8226499
8229025
8229493
8230568
8230759
8231489
8232751
8233560
8239250
8239253
8239866
8240221
8240516
8240811
8242017
8242169
8243631
8243781
8244412
8245189
8249680
8250577
8253423
8254159
8254243
8255986
8256129
8256155
8256403
8257723
8258108
8258284
8259409
8259782
8260273
8260302
8260643
8260935
8261799
8262485
8262676
8262996
8263571
8263629
8263733
8265969
8266191
8266528
8266958
8270149
8271173
8272189
8272536
8273925
8274913
8275181
8275630
8275853
8276825
8277623
8278345
8279277
8280894
8281725
8281735
8281941
8283718
8285243
8286649
8288660
8288728
8289598
8289848
8291000
8291229
8292033
8295180
8295517
8295776
8295817
8296719
8297148
8297770
8299174
8301827
8301902
8302005
8302156
8302367
8302430
8305583
8305714
8306950
8307587
8307689
8308584
8311067
8311115
8315735
8315807
8316765
8316990
8317006
8317294
8318214
8318229
8320607
8320902
8321209
8321311
8322184
8323067
8323203
8324711
8325431
8325536
8325691
8330066
8330821
8331762
8331981
8334528
8335273
8336665
8338347
8339284
8339513
8339823
8340929
8341121
8341531
8342814
8343053
8343116
8343309
8343762
8345060
8346519
8347359
8349141
8350685
8351396
8353309
8356060
8356296
8358128
8358409
8360868
8361465
8363040
8363479
8366133
8368989
8369302
8370871
8372869
8373813
8374076
8374440
8377666
8378689
8378887
8380188
8380882
8382005
8382469
8382710
8383043
8384645
8386706
8387787
8388058
8388692
8389682
8391920
8392862
8393220
8395289
8395508
8395692
8396259
8397047
8397360
8397723
8400332
8400605
8401396
8402098
8403374
8403788
8406244
8406250
8408501
8409785
8410279
8410791
8411447
8412600
8412741
8413400
8413537
8414258
8414618
8415301
8415464
8420057
8420671
8421594
8422232
8422874
8423631
8424985
8425688
8429767
8431836
8435313
8435555
8436788
8438791
8438799
8439829
8440002
8440033
8442496
8442931
8447691
8447925
8451747
8452961
8454030
8454704
8456100
8458624
8458937
8460465
8460959
8464941
8466035
8467075
8467317
8468254
8470168
8470331
8470760
8471008
8471432
8471666
8472199
8472634
8473485
8473835
8475507
8479581
8481222
8481961
8483162
8484858
8486563
8489228
8492633
8495734
8496701
8497136
8497275
8499598
8499931
8500111
8500496
8500842
8501987
8504820
8505677
8507060
8508977
8509215
8509499
8511350
8511925
8512571
8514063
8515054
8516636
8519008
8519044
8520490
8520621
8521993
8522220
8522654
8524046
8524352
8526025
8526477
8526709
8526972
8527064
8527250
8528381
8529287
8530222
8530588
8531035
8532249
8533004
8533263
8535607
8536117
8536592
8536694
8539221
8540091
8541431
8543372
8544665
8544910
8547250
8548095
8550056
8552024
8553297
8555221
8555606
8557626
8559933
8560656
8561023
8561393
8561887
8562002
8564726
8565853
8566667
8567676
8568811
8568933
8570479
8570563
8572204
8574019
8575046
8575530
8577602
8577722
8577827
8578181
8581773
8582661
8584267
8585072
8587781
8589174
8590569
8590760
8591739
8592994
8594202
8595143
8595656
8596620
8598321
8598360
8598535
8598975
8600413
8600685
8603604
8604124
8604691
8604764
8608032
8609097
8611259
8612421
8613355
8614495
8615315
8616662
8616733
8617242
8619492
8619819
8620278
8620343
8621282
8621950
8623298
8623314
8624851
8625093
8625599
8625648
8626421
8629198
8631182
8631546
8631582
8632041
8632567
8632596
8632942
8633906
8634739
8636464
8637670
8639219
8639370
8639382
8640275
8641908
8643114
8644295
8644811
8645220
8645379
8645754
8646475
8648107
8649569
8649817
8649883
8651436
8652721
8652995
8653212
8657425
8658605
8659282
8661250
8661472
8662778
8662807
8663541
8664904
8667748
8672799
8672987
8673211
8674271
8675951
8677286
8678312
8678434
8679734
8679912
8683174
8683640
8683719
8686846
8687405
8688583
8689426
8690867
8694101
8694181
8694400
8694462
8696115
8697171
8699835
8700004
8700027
8700180
8701244
8702111
8702842
8703316
8703479
8703797
8703999
8704877
8705616
8706884
8707673
8708654
8708868
8708876
8709013
8709528
8710002
8710265
8710836
8713541
8713859
8714298
8717221
8718043
8718064
8719246
8719786
8720993
8721297
8722003
8722063
8722708
8726171
8726296
8727114
8727703
8728167
8729908
8731082
8733500
8736340
8737304
8738559
8738927
8739212
8739877
8741219
8741647
8743002
8744285
8744518
8744847
8745064
8748671
8749614
8749987
8750054
8751912
8752026
8754052
8754723
8756323
8756996
8759408
8760400
8763252
8764318
8766165
8766302
8766589
8769220
8769690
8770266
8771141
8773131
8774566
8774961
8775034
8775774
8777877
8779732
8781800
8782207
8782764
8783733
8784357
8787084
8787267
8787619
8788468
8789848
8790412
8791010
8792500
8793482
8793658
8793704
8794383
8796244
8797081
8797347
8798500
8798573
8799336
8800142
8800419
8800483
8801069
8801803
8804308
8805038
8807234
8808462
8808686
8809608
8811320
8811325
8811829
8812399
8814244
8814735
8815034
8817080
8821102
8821746
8822179
8822718
8824750
8825948
8826825
8827624
8829263
8829860
8829892
8830488
8831212
8831394
8832345
8833101
8833659
8834007
8835093
8837846
8842399
8843238
8844052
8844161
8844728
8845117
8846212
8847493
8848982
8849420
8850893
8853957
8854210
8854293
8855295
8855576
8856911
8857760
8859958
8860515
8863272
8863974
8866121
8866128
8866823
8868346
8869072
8869096
8869333
8870189
8872682
8874499
8874512
8874806
8875292
8875784
8877477
8879489
8879774
8881258
8881337
8881582
8884328
8885171
8888227
8890380
8891324
8893650
8894133
8894931
8895558
8896462
8896715
8898451
8898616
8900999
8901929
8901930
8903148
8903233
8904642
8905482
8906472
8907118
8907987
8909120
8910508
8911152
8911536
8912137
8912572
8913006
8913608
8915464
8916487
8916647
8916653
8917079
8917531
8917664
8917718
8917839
8918739
8919618
8922144
8922280
8923347
8924091
8924878
8925100
8926415
8926517
8926642
8927070
8927267
8931300
8931744
8932226
8932344
8932446
8932962
8933302
8933493
8933612
8933999
8934721
8934903
8936806
8939717
8940452
8941289
8941934
8942598
8943033
8943465
8943549
8943563
8943692
8943883
8943977
8944222
8946195
8947169
8947252
8950272
8952796
8952815
8952864
8954609
8958425
8959802
8960116
8960529
8962957
8963003
8964057
8964097
8966019
8966090
8966647
8967912
8968007
8969402
8970006
8970421
8970552
8971942
8972241
8973704
8975173
8976577
8977383
8977535
8977599
8978233
8979618
8980111
8980395
8980591
8981608
8981716
8981843
8982141
8982471
8982866
8983073
8983462
8983598
8984819
8985553
8987386
8987928
8988235
8989804
8990869
8990913
8992183
8992627
8992702
8993939
8994047
8995789
8996286
8999624
9000951
9005388
9005477
9005670
9008099
9008498
9011458
9011469
9012349
9012787
9013585
9015274
9015892
9016617
9017483
9017906
9017950
9018564
9019528
9020271
9020298
9023458
9024736
9024946
9025567
9028605
9031228
9031732
9032209
9032554
9033400
9033865
9035298
9036424
9036469
9036899
9037030
9039193
9040806
9040917
9041097
9041115
9041300
9041912
9042294
9043097
9043335
9045271
9045516
9046559
9047181
9047865
9049914
9049937
9051198
9051871
9052121
9052920
9053105
9053167
9059204
9060944
9061606
9062514
9063118
9064778
9066752
9066913
9068069
9069601
9070237
9071325
9072213
9072217
9072355
9074049
9074097
9074766
9074843
9074852
9076720
9077213
9078692
9078941
9079887
9079898
9081227
9086067
9086306
9086792
9087415
9088541
9089618
9089997
9091595
9094241
9094469
9095325
9095791
9096570
9096817
9097558
9098200
9098465
9098545
9101596
9102119
9102776
9103427
9103500
9104432
9104601
9104784
9105602
9105750
9106439
9107139
9108921
9109452
9110015
9111538
9112207
9112854
9113596
9114357
9115193
9115952
9116002
9116389
9118878
9118934
9119409
9119660
9120384
9122621
9124847
9125929
9126234
9126369
9127108
9127485
9127900
9129604
9130898
9131844
9131990
9132790
9134734
9135937
9136189
9137957
9137977
9138529
9138566
9138588
9140083
9140665
9141533
9143373
9143607
9144495
9144903
9147520
9147683
9148473
9149554
9150113
9151139
9151468
9152126
9154698
9155895
9157258
9158655
9158874
9159728
9160405
9161985
9164618
9165627
9167147
9168954
9169029
9174360
9174396
9175950
9176704
9178349
9179652
9180239
9181619
9182177
9182559
9184274
9187743
9188190
9188580
9188865
9191309
9191444
9192082
9192141
9192982
9193493
9193552
9194208
9196653
9196911
9200399
9200550
9201340
9202511
9203157
9203507
9205637
9207880
9208032
9208474
9209699
9211569
9211864
9212961
9215190
9215800
9215892
9215924
9217065
9218133
9218439
9218843
9220171
9220912
9221167
9221716
9222144
9222367
9223434
9224201
9224414
9224567
9225202
9226014
9226393
9227687
9227785
9228175
9230078
9231178
9231674
9231837
9234659
9235056
9236374
9237532
9237638
9237979
9241290
9241610
9242460
9243631
9244387
9244708
9244781
9245469
9246946
9246980
9247279
9247405
9247638
9249219
9249369
9250625
9251110
9251463
9253263
9253288
9253384
9255134
9255135
9255345
9256273
9256304
9257048
9259553
9260800
9261339
9262480
9264419
9266108
9266760
9267435
9267675
9267757
9268793
9269343
9269770
9270082
9271554
9272084
9272277
9272309
9272462
9273311
9273587
9273658
9275805
9276136
9276576
9277866
9278834
9279331
9279667
9279686
9280881
9280978
9282102
9282399
9282784
9282932
9283090
9283780
9284277
9285059
9285907
9286766
9288689
9291313
9294397
9295418
9295772
9296998
9298500
9299784
9300162
9300436
9302044
9303180
9306916
9307454
9307473
9308140
9308682
9310201
9310390
9310479
9311555
9311746
9311824
9312402
9315273
9315765
9315771
9315827
9315846
9316263
9318491
9321293
9321455
9324369
9324391
9326314
9326742
9326985
9327346
9328298
9328744
9329191
9331313
9332149
9332277
9335725
9338282
9338461
9338485
9338500
9339068
9342036
9342154
9342607
9342835
9343195
9343671
9345147
9345786
9346628
9348743
9349131
9351757
9352360
9353040
9353707
9355217
9356145
9356565
9357295
9357568
9357932
9357936
9359922
9359939
9362947
9363384
9363410
9364844
9366384
9366716
9367033
9371177
9372257
9372917
9374630
9375066
9375800
9376157
9376611
9377215
9379298
9381796
9383071
9384663
9386593
9387879
9387931
9389667
9392200
9392923
9394237
9394564
9397688
9397766
9398044
9398531
9400844
9401662
9403438
9404607
9405603
9406725
9414086
9415335
9416847
9417088
9418237
9419060
9419541
9420378
9420882
9420912
9421568
9421834
9422405
9422439
9422814
9424763
9424847
9425460
9426792
9428566
9432257
9434601
9435510
9435927
9437949
9438322
9439128
9439937
9440884
9442156
9444119
9444659
9444943
9446954
9449014
9449395
9451229
9451439
9451507
9452466
9453184
9455619
9455727
9455990
9456051
9457866
9458225
9459438
9461381
9461790
9461896
9462139
9462833
9463439
9463546
9463553
9466492
9467057
9468925
9469834
9470117
9472900
9473900
9477918
9478294
9478654
9478904
9479983
9480155
9480227
9480843
9481716
9481889
9481993
9483156
9483620
9483792
9486570
9488290
9490058
9492595
9493854
9495004
9495679
9496083
9496600
9499238
9502249
9502415
9502521
9502551
9502978
9503247
9503418
9504007
9505670
9506170
9506656
9507213
9507901
9508290
9509223
9511515
9511563
9513831
9514912
9515895
9516720
9517305
9519086
9520081
9522641
9525276
9528554
9530503
9530931
9533275
9535337
9537033
9537161
9539264
9540175
9541466
9541520
9545997
9546634
9550669
9550968
9551287
9553310
9553948
9554366
9557405
9559278
9559514
9559677
9561067
9561071
9561818
9563306
9563854
9565816
9566847
9570883
9571161
9572065
9576990
9577549
9577665
9579308
9582378
9584639
9584683
9584968
9585459
9586771
9588272
9589884
9591084
9592040
9592180
9592471
9593591
9594102
9594784
9595874
9596194
9597304
9599614
9600295
9601233
9603963
9606497
9606806
9606932
9607391
9607876
9609092
9610196
9611616
9612640
9613239
9614312
9615355
9617991
9618335
9618863
9620788
9622845
9623750
9624209
9627011
9627491
9630621
9630771
9632348
9635192
9637395
9637818
9640022
9640474
9642312
9644439
9644482
9646838
9646919
9646988
9647716
9648459
9649044
9649062
9649270
9650427
9650839
9652963
9654304
9654310
9654421
9655083
9655305
9656119
9656255
9657838
9658139
9658345
9658447
9658492
9658914
9659061
9659395
9660600
9661362
9661779
9662546
9662678
9663351
9663858
9665261
9666709
9667098
9667197
9669232
9670765
9670800
9670862
9671114
9672689
9673175
9674636
9679533
9679706
9679900
9680556
9681337
9682025
9685862
9687336
9689279
9689595
9691062
9692498
9692733
9693337
9696846
9697254
9698828
9698873
9699408
9699605
9701764
9702809
9703625
9704692
9710607
9710755
9711064
9711328
9712530
9716186
9716257
9718177
9720742
9721359
9721582
9721713
9723338
9723512
9729604
9730929
9731168
9732751
9733761
9734971
9739389
9739607
9740650
9741558
9743747
9744306
9745459
9746214
9748466
9748900
9750286
9750422
9750890
9751357
9751637
9751960
9752264
9753193
9756106
9756946
9759713
9760786
9764588
9765806
9766567
9766947
9767624
9768621
9769127
9770585
9773244
9773281
9774251
9774820
9776601
9777057
9777277
9777360
9777532
9778631
9779780
9780190
9781042
9782779
9786269
9786538
9787159
9787368
9787931
9788556
9788616
9788873
9792010
9792608
9792729
9793966
9793991
9794500
9794654
9794709
9795190
9795526
9798484
9799429
9800197
9802113
9804168
9804869
9805002
9805070
9806427
9806998
9807295
9807510
9808070
9809076
9809331
9810080
9810086
9810579
9812848
9814427
9815706
9817492
9818212
9818860
9820064
9821061
9821239
9821454
9822039
9823276
9824405
9825126
9825571
9825669
9825951
9826017
9826375
9827338
9827342
9829047
9829191
9830322
9832064
9833062
9834488
9835459
9838510
9838538
9839129
9839818
9841625
9844744
9845223
9846958
9848290
9849487
9849644
9849894
9850678
9851086
9851349
9852088
9852269
9854133
9854747
9856205
9856720
9858878
9860050
9860053
9860593
9860696
9863987
9865189
9867072
9868787
9869267
9870841
9872376
9872649
9872837
9874067
9875219
9875500
9877567
9878342
9879343
9881482
9882702
9883293
9883521
9883867
9883984
9884776
9886900
9887028
9887272
9889657
9892120
9892538
9893509
9893864
9894329
9894453
9895317
9899078
9902146
9902326
9902818
9903982
9905657
9906412
9906657
9907357
9908678
9909995
9912865
9913984
9915997
9916274
9917442
9917758
9917978
9918172
9918230
9918347
9918482
9920421
9920819
9921361
9922050
9922690
9923072
9924332
9926968
9926985
9927235
9927682
9927886
9928128
9928272
9929491
9929672
9930234
9932276
9933377
9933813
9934070
9934231
9936887
9937299
9937983
9938019
9938250
9940582
9942852
9943185
9945815
9947422
9947679
9949340
9950603
9951265
9952257
9952330
9952686
9952947
9953223
9953784
9956116
9956483
9956557
9956990
9958603
9958875
9959507
9959652
9963067
9964639
9964819
9964979
9966978
9967813
9968843
9969138
9969296
9969617
9970706
9971737
9971766
9972084
9972128
9972474
9975072
9975150
9976839
9977137
9977426
9977445
9980657
9981673
9983914
9985165
9986352
9987288
9988951
9989085
9989916
9990667
9992598
9993307
9996973
9997644
9997669
9997775
9999142
9999962
9999993
