0
2
5
6
7
8
9
11
13
15
16
18
23
24
29
30
33
34
35
38
40
41
42
44
47
48
49
50
51
57
58
59
60
61
62
64
69
70
71
76
78
79
80
81
85
87
88
90
93
96
97
98
99
100
101
102
103
104
106
108
109
113
116
117
118
119
120
121
124
129
131
133
134
136
137
139
140
141
143
144
145
147
152
153
154
156
158
159
160
161
166
167
169
170
172
173
177
178
179
180
181
187
189
190
192
194
195
196
197
198
201
204
207
209
211
213
214
215
216
218
220
223
224
225
229
230
231
233
236
238
239
240
242
243
247
248
253
257
264
268
270
271
272
273
276
277
278
280
281
284
285
287
288
289
290
291
292
293
294
296
298
300
304
306
308
310
311
314
316
318
320
321
322
323
324
325
326
327
330
335
340
344
350
352
355
356
357
358
359
360
361
363
365
366
369
370
371
373
376
378
381
385
386
392
393
394
395
397
398
399
405
407
410
415
416
417
420
423
428
430
431
433
440
442
443
446
451
452
453
456
457
458
461
462
465
466
467
474
476
478
481
482
485
487
488
489
494
497
498
499
500
503
505
509
510
511
514
517
518
521
523
527
528
529
532
533
534
536
537
541
543
545
548
549
550
551
552
553
554
555
558
559
562
563
565
568
570
572
573
575
581
582
583
586
588
596
601
603
605
606
607
608
609
610
611
613
622
624
626
628
629
630
631
632
633
635
637
638
641
644
645
647
649
650
651
654
655
656
659
660
661
663
665
666
670
671
673
674
675
677
684
685
688
689
691
693
698
700
705
708
709
712
713
715
716
718
720
726
727
730
732
733
734
735
736
737
739
741
742
744
745
747
748
749
750
752
753
754
755
756
760
761
762
764
766
767
769
770
772
774
777
779
781
783
786
787
790
792
793
796
797
801
802
803
806
807
810
812
813
814
815
817
818
819
825
827
830
834
836
838
840
841
842
845
846
847
850
852
854
859
860
861
862
864
865
866
867
868
870
871
873
874
875
877
879
880
884
887
888
889
890
897
898
899
900
902
907
910
911
913
918
920
921
923
924
925
927
928
929
931
932
933
938
939
942
945
946
949
951
952
969
970
971
972
973
974
977
979
980
981
984
986
989
991
994
995
996
999
1002
1004
1005
1006
1007
1008
1010
1012
1013
1014
1021
1023
1024
1025
1028
1030
1034
1037
1038
1040
1041
1043
1045
1047
1049
1050
1052
1054
1055
1056
1059
1062
1063
1064
1065
1069
1073
1075
1076
1077
1079
1084
1086
1089
1090
1091
1094
1095
1097
1105
1107
1112
1116
1123
1125
1126
1127
1130
1132
1133
1135
1136
1139
1140
1145
1150
1151
1152
1153
1155
1160
1165
1168
1171
1173
1174
1176
1177
1180
1183
1186
1187
1189
1190
1192
1193
1198
1199
1200
1203
1205
1207
1210
1211
1212
1215
1219
1220
1221
1222
1224
1225
1226
1227
1228
1230
1231
1234
1235
1238
1240
1242
1245
1246
1251
1253
1258
1259
1261
1263
1266
1267
1271
1272
1273
1275
1277
1279
1280
1281
1282
1283
1285
1287
1290
1292
1293
1295
1299
1300
1301
1302
1303
1305
1306
1310
1311
1312
1313
1315
1316
1320
1321
1322
1324
1327
1330
1331
1333
1336
1338
1339
1340
1342
1347
1349
1350
1352
1354
1362
1364
1365
1367
1368
1372
1373
1375
1377
1380
1381
1384
1385
1388
1389
1390
1391
1392
1393
1395
1396
1397
1399
1401
1403
1408
1410
1411
1412
1414
1415
1419
1420
1421
1426
1427
1431
1436
1441
1442
1445
1448
1454
1458
1459
1460
1463
1464
1465
1466
1467
1470
1471
1473
1475
1478
1479
1482
1485
1486
1487
1488
1490
1491
1492
1494
1496
1497
1500
1501
1502
1504
1505
1506
1507
1510
1512
1516
1517
1519
1520
1524
1526
1528
1530
1531
1536
1539
1540
1542
1546
1550
1551
1552
1553
1554
1556
1557
1558
1559
1560
1563
1564
1567
1568
1569
1570
1571
1573
1575
1583
1584
1588
1589
1590
1592
1594
1596
1597
1598
1599
1606
1607
1608
1610
1612
1614
1616
1618
1619
1623
1626
1628
1630
1632
1633
1639
1642
1643
1644
1645
1646
1647
1649
1650
1651
1657
1658
1660
1661
1665
1666
1669
1670
1671
1672
1673
1674
1677
1685
1687
1688
1690
1692
1693
1694
1700
1701
1703
1705
1710
1711
1712
1721
1724
1725
1726
1730
1732
1734
1737
1738
1739
1740
1741
1742
1743
1744
1747
1749
1750
1753
1754
1756
1757
1759
1761
1764
1766
1768
1770
1772
1773
1775
1776
1778
1779
1780
1783
1784
1785
1787
1788
1789
1791
1792
1793
1794
1795
1796
1797
1798
1799
1800
1801
1802
1804
1807
1810
1811
1812
1815
1816
1819
1820
1821
1828
1829
1830
1832
1834
1835
1839
1840
1841
1842
1844
1846
1848
1851
1853
1854
1855
1856
1858
1859
1860
1862
1863
1865
1868
1869
1870
1871
1872
1877
1878
1883
1885
1886
1887
1888
1890
1893
1895
1896
1902
1906
1907
1909
1910
1912
1913
1915
1916
1918
1919
1921
1923
1925
1926
1929
1931
1932
1933
1934
1936
1938
1939
1942
1948
1949
1950
1952
1953
1954
1956
1957
1958
1959
1963
1965
1966
1968
1971
1972
1973
1975
1981
1984
1989
1991
1993
1995
1998
1999
2003
2004
2005
2006
2008
2009
2010
2011
2015
2020
2021
2026
2027
2028
2031
2033
2040
2041
2042
2043
2044
2045
2047
2048
2049
2050
2053
2055
2060
2061
2063
2064
2066
2068
2069
2070
2076
2077
2078
2079
2080
2081
2082
2083
2086
2088
2089
2091
2094
2096
2098
2099
2101
2103
2104
2108
2110
2111
2113
2115
2116
2118
2119
2123
2125
2126
2127
2130
2131
2133
2137
2139
2143
2147
2148
2150
2151
2155
2157
2162
2165
2166
2167
2171
2172
2173
2176
2179
2183
2185
2189
2194
2195
2197
2198
2199
2200
2201
2202
2203
2204
2206
2208
2214
2215
2217
2220
2222
2224
2225
2226
2227
2228
2232
2233
2235
2236
2237
2239
2242
2244
2245
2252
2254
2255
2256
2258
2259
2260
2262
2264
2265
2266
2268
2269
2270
2271
2272
2274
2277
2279
2280
2282
2283
2284
2286
2287
2288
2289
2292
2293
2294
2295
2296
2297
2300
2303
2305
2307
2309
2310
2315
2316
2317
2322
2324
2325
2327
2328
2329
2330
2331
2335
2336
2337
2338
2340
2341
2342
2343
2347
2348
2349
2351
2352
2353
2356
2358
2359
2361
2364
2368
2370
2373
2374
2376
2379
2380
2384
2388
2389
2390
2394
2397
2399
2400
2401
2405
2408
2413
2415
2418
2419
2420
2421
2423
2426
2427
2428
2429
2430
2434
2435
2436
2437
2439
2440
2444
2448
2450
2452
2453
2458
2462
2463
2464
2466
2467
2470
2473
2476
2477
2478
2479
2481
2482
2484
2489
2490
2491
2492
2497
2498
2503
2504
2505
2506
2508
2509
2510
2512
2513
2514
2515
2518
2522
2523
2526
2528
2530
2531
2532
2534
2535
2536
2537
2540
2541
2543
2549
2551
2554
2555
2557
2559
2560
2562
2566
2567
2568
2570
2571
2574
2578
2581
2582
2583
2585
2588
2589
2591
2593
2595
2601
2602
2603
2604
2605
2606
2607
2608
2609
2611
2612
2617
2619
2620
2623
2625
2626
2627
2628
2630
2631
2635
2636
2638
2639
2640
2641
2642
2643
2644
2647
2648
2650
2651
2653
2656
2658
2659
2661
2663
2665
2670
2671
2673
2679
2680
2681
2682
2684
2686
2687
2688
2689
2690
2691
2692
2693
2694
2698
2700
2702
2706
2707
2710
2711
2712
2715
2716
2717
2719
2720
2722
2723
2725
2726
2727
2729
2732
2733
2738
2739
2740
2744
2745
2748
2749
2751
2752
2753
2756
2757
2758
2762
2763
2765
2766
2767
2770
2771
2772
2773
2774
2777
2778
2780
2782
2783
2784
2787
2789
2795
2796
2798
2799
2801
2803
2804
2806
2807
2810
2812
2814
2815
2816
2817
2818
2821
2822
2824
2825
2832
2833
2837
2838
2839
2843
2844
2846
2849
2850
2851
2853
2856
2857
2858
2860
2861
2862
2864
2865
2868
2870
2874
2875
2879
2880
2883
2884
2886
2887
2889
2892
2894
2896
2897
2899
2903
2907
2908
2909
2910
2916
2920
2922
2924
2928
2931
2933
2934
2936
2937
2938
2939
2941
2942
2943
2944
2945
2947
2949
2954
2955
2956
2957
2958
2959
2961
2963
2965
2967
2968
2969
2972
2974
2975
2976
2977
2979
2981
2984
2985
2986
2988
2990
2992
2996
2997
3000
3001
3003
3005
3006
3009
3014
3018
3019
3021
3024
3025
3026
3029
3031
3032
3034
3035
3036
3037
3038
3039
3042
3046
3052
3054
3056
3058
3060
3061
3063
3065
3066
3072
3077
3080
3081
3083
3085
3086
3087
3088
3089
3093
3094
3095
3097
3098
3100
3104
3105
3106
3108
3111
3113
3117
3118
3119
3121
3124
3127
3128
3129
3134
3136
3137
3138
3140
3141
3144
3146
3151
3153
3156
3157
3162
3163
3165
3166
3167
3168
3170
3172
3173
3175
3176
3180
3183
3184
3185
3186
3187
3188
3190
3191
3192
3193
3196
3197
3199
3202
3204
3210
3213
3214
3217
3218
3219
3221
3222
3223
3224
3225
3226
3230
3232
3233
3235
3236
3237
3241
3242
3243
3246
3249
3251
3254
3256
3257
3259
3260
3262
3263
3264
3266
3267
3268
3273
3274
3277
3280
3281
3282
3286
3289
3290
3293
3294
3295
3296
3301
3306
3307
3308
3312
3314
3318
3321
3322
3323
3326
3328
3330
3331
3332
3334
3335
3338
3340
3344
3346
3349
3350
3351
3353
3355
3356
3357
3358
3362
3363
3364
3365
3367
3373
3374
3375
3378
3379
3380
3382
3387
3388
3389
3390
3393
3394
3396
3397
3398
3404
3405
3407
3410
3411
3412
3416
3418
3426
3427
3428
3430
3433
3434
3437
3444
3446
3451
3452
3453
3454
3458
3460
3463
3464
3466
3471
3476
3477
3478
3479
3480
3482
3483
3485
3487
3497
3499
3500
3504
3505
3508
3509
3510
3515
3516
3517
3518
3524
3526
3527
3529
3530
3532
3534
3535
3536
3537
3538
3539
3540
3542
3548
3549
3553
3554
3555
3557
3558
3559
3560
3563
3568
3569
3572
3575
3578
3579
3580
3584
3587
3590
3593
3596
3597
3603
3604
3605
3606
3607
3609
3610
3614
3615
3618
3620
3621
3622
3624
3626
3628
3629
3630
3631
3632
3633
3637
3638
3639
3640
3641
3642
3643
3645
3646
3647
3649
3650
3651
3653
3655
3656
3658
3659
3660
3661
3662
3664
3667
3672
3673
3675
3678
3680
3682
3684
3686
3690
3692
3693
3694
3695
3697
3698
3699
3700
3701
3702
3703
3704
3705
3707
3709
3710
3712
3713
3714
3716
3717
3719
3720
3721
3722
3723
3725
3726
3727
3728
3729
3733
3735
3737
3739
3740
3741
3742
3748
3749
3753
3755
3756
3757
3758
3759
3761
3763
3764
3769
3772
3776
3779
3780
3781
3782
3783
3784
3788
3790
3793
3795
3796
3798
3799
3800
3804
3808
3809
3810
3811
3812
3813
3816
3817
3819
3820
3821
3823
3824
3826
3827
3830
3831
3834
3835
3840
3841
3842
3843
3849
3850
3851
3852
3853
3856
3857
3859
3860
3861
3863
3869
3870
3871
3874
3875
3876
3877
3878
3880
3882
3883
3884
3885
3887
3890
3892
3893
3895
3896
3897
3900
3905
3907
3908
3910
3917
3919
3922
3925
3928
3929
3931
3933
3934
3937
3940
3941
3943
3945
3946
3947
3949
3950
3951
3952
3953
3954
3957
3966
3968
3970
3973
3974
3975
3976
3977
3979
3981
3983
3985
3987
3989
3990
3992
3994
3995
3996
3997
3998
4002
4003
4007
4008
4010
4012
4013
4016
4017
4018
4022
4024
4026
4029
4030
4033
4034
4035
4036
4037
4038
4039
4040
4042
4049
4052
4054
4055
4056
4058
4060
4061
4065
4067
4068
4073
4076
4079
4080
4082
4083
4084
4086
4089
4096
4097
4099
4102
4108
4110
4113
4114
4115
4118
4122
4125
4126
4129
4130
4132
4133
4135
4136
4137
4139
4140
4141
4142
4143
4145
4148
4149
4152
4153
4155
4156
4158
4162
4163
4164
4165
4167
4172
4176
4177
4178
4179
4180
4181
4182
4184
4189
4190
4191
4192
4193
4194
4196
4197
4199
4200
4202
4204
4206
4208
4210
4211
4213
4214
4217
4218
4220
4223
4225
4228
4233
4234
4237
4240
4241
4242
4247
4249
4250
4251
4252
4253
4257
4258
4259
4260
4261
4262
4264
4266
4267
4268
4269
4272
4277
4278
4279
4280
4281
4282
4283
4284
4285
4286
4287
4289
4293
4294
4295
4296
4297
4299
4302
4304
4310
4311
4313
4317
4318
4322
4323
4325
4326
4327
4328
4330
4332
4333
4338
4339
4341
4343
4346
4349
4350
4354
4358
4360
4362
4363
4376
4377
4378
4383
4386
4387
4390
4391
4396
4398
4399
4401
4404
4408
4409
4410
4411
4412
4413
4414
4415
4416
4418
4421
4422
4423
4426
4427
4428
4429
4430
4431
4433
4435
4436
4437
4438
4440
4441
4444
4447
4448
4449
4452
4456
4458
4462
4465
4466
4467
4468
4471
4473
4477
4479
4481
4484
4485
4486
4488
4490
4492
4494
4497
4498
4509
4510
4511
4518
4521
4523
4524
4525
4526
4527
4529
4530
4534
4536
4537
4540
4541
4542
4543
4544
4545
4546
4548
4549
4550
4551
4552
4553
4554
4556
4559
4560
4562
4566
4569
4570
4572
4573
4574
4577
4578
4581
4583
4584
4587
4590
4593
4594
4595
4597
4602
4603
4604
4607
4608
4610
4611
4612
4613
4615
4617
4621
4623
4627
4630
4631
4633
4634
4635
4637
4638
4639
4641
4645
4647
4648
4650
4651
4653
4654
4657
4658
4659
4660
4665
4666
4668
4671
4672
4673
4674
4675
4676
4678
4680
4687
4688
4689
4690
4693
4694
4695
4697
4698
4700
4703
4704
4705
4707
4709
4711
4712
4713
4714
4715
4719
4720
4721
4724
4725
4726
4730
4731
4733
4734
4735
4737
4738
4741
4742
4743
4745
4746
4751
4753
4756
4757
4761
4762
4764
4765
4766
4768
4769
4770
4771
4772
4774
4775
4777
4778
4779
4784
4787
4790
4791
4794
4795
4797
4803
4804
4805
4811
4813
4815
4819
4821
4823
4825
4828
4831
4832
4833
4835
4837
4839
4842
4843
4846
4847
4848
4850
4851
4852
4853
4855
4859
4860
4862
4864
4865
4867
4868
4869
4873
4874
4875
4876
4878
4879
4880
4881
4884
4887
4888
4891
4892
4893
4895
4897
4900
4904
4905
4906
4907
4908
4909
4912
4913
4914
4916
4917
4918
4919
4920
4924
4926
4931
4932
4935
4936
4938
4939
4944
4946
4947
4949
4950
4952
4953
4954
4956
4957
4958
4959
4963
4964
4965
4966
4967
4971
4973
4974
4975
4976
4979
4980
4982
4986
4987
4990
4994
4997
4998
4999
5003
5006
5010
5012
5013
5015
5018
5019
5020
5022
5023
5024
5025
5028
5029
5031
5032
5033
5035
5038
5039
5040
5041
5048
5049
5052
5056
5060
5061
5071
5072
5075
5077
5081
5082
5083
5084
5088
5092
5093
5097
5098
5100
5104
5106
5107
5108
5109
5112
5113
5114
5118
5119
5123
5124
5126
5127
5128
5129
5131
5133
5134
5135
5136
5137
5139
5144
5145
5146
5147
5149
5150
5151
5153
5155
5158
5160
5162
5163
5164
5166
5168
5169
5173
5174
5182
5187
5188
5189
5196
5198
5200
5201
5203
5204
5206
5207
5209
5210
5215
5217
5218
5220
5222
5223
5224
5225
5227
5228
5231
5233
5235
5236
5237
5238
5239
5240
5242
5243
5246
5247
5248
5250
5251
5254
5255
5256
5257
5260
5263
5265
5267
5268
5269
5270
5271
5272
5274
5275
5277
5282
5286
5287
5289
5290
5294
5295
5298
5301
5303
5306
5310
5312
5313
5314
5315
5321
5322
5325
5326
5330
5331
5332
5333
5334
5335
5337
5339
5340
5341
5346
5347
5349
5350
5351
5352
5354
5358
5359
5361
5363
5365
5366
5369
5370
5372
5373
5374
5376
5377
5379
5383
5386
5387
5392
5394
5397
5398
5399
5402
5403
5405
5406
5414
5415
5416
5417
5418
5424
5425
5427
5430
5432
5434
5436
5438
5441
5443
5444
5446
5448
5449
5451
5453
5457
5459
5460
5461
5463
5464
5465
5467
5469
5473
5476
5477
5478
5480
5483
5485
5488
5490
5494
5495
5497
5500
5502
5508
5510
5511
5513
5516
5517
5519
5520
5524
5525
5526
5527
5532
5533
5534
5535
5540
5544
5549
5550
5552
5554
5555
5556
5557
5558
5559
5560
5561
5563
5564
5565
5566
5567
5568
5572
5579
5581
5587
5591
5592
5593
5595
5596
5600
5601
5602
5603
5605
5608
5609
5617
5619
5620
5622
5623
5626
5629
5630
5632
5635
5636
5637
5643
5644
5645
5649
5650
5652
5654
5655
5657
5658
5659
5662
5666
5667
5669
5670
5672
5676
5677
5678
5679
5681
5684
5685
5687
5689
5690
5692
5694
5695
5696
5704
5705
5706
5707
5709
5710
5713
5719
5720
5721
5723
5724
5727
5731
5732
5733
5735
5736
5737
5738
5744
5746
5748
5750
5752
5755
5762
5766
5768
5770
5773
5774
5775
5777
5779
5781
5782
5786
5787
5788
5789
5790
5791
5793
5795
5796
5797
5798
5799
5800
5804
5806
5807
5809
5811
5813
5816
5820
5823
5827
5828
5829
5831
5833
5834
5835
5837
5839
5840
5841
5845
5846
5847
5848
5850
5853
5856
5857
5859
5861
5866
5867
5868
5871
5872
5873
5875
5876
5877
5878
5879
5881
5882
5884
5885
5889
5890
5893
5894
5895
5902
5904
5905
5910
5913
5914
5918
5919
5921
5922
5924
5925
5926
5927
5931
5935
5938
5941
5943
5944
5945
5947
5948
5950
5951
5952
5953
5954
5956
5961
5962
5963
5966
5967
5969
5973
5974
5976
5977
5978
5982
5983
5985
5989
5991
5993
5994
5996
6000
6001
6005
6007
6008
6010
6011
6012
6014
6017
6019
6023
6024
6025
6026
6027
6028
6029
6031
6032
6033
6034
6038
6040
6041
6044
6045
6047
6054
6058
6059
6061
6064
6066
6067
6068
6069
6070
6073
6076
6077
6078
6080
6082
6083
6085
6086
6092
6093
6096
6097
6098
6099
6100
6103
6105
6107
6108
6109
6114
6121
6122
6123
6127
6129
6130
6131
6132
6133
6134
6136
6137
6141
6142
6143
6147
6149
6150
6153
6154
6157
6159
6160
6162
6163
6167
6169
6170
6172
6178
6179
6189
6191
6192
6193
6201
6203
6204
6205
6209
6210
6212
6213
6216
6217
6218
6224
6225
6229
6234
6236
6237
6238
6240
6241
6243
6244
6245
6246
6248
6250
6251
6253
6255
6258
6259
6260
6266
6267
6270
6272
6273
6274
6275
6276
6278
6279
6281
6283
6284
6285
6286
6288
6290
6293
6294
6296
6298
6301
6305
6306
6308
6313
6320
6321
6325
6327
6328
6329
6330
6332
6336
6340
6343
6346
6348
6349
6352
6356
6357
6358
6360
6367
6368
6370
6371
6374
6376
6377
6379
6380
6381
6382
6384
6389
6390
6393
6396
6399
6400
6401
6402
6403
6408
6412
6414
6417
6419
6420
6421
6425
6427
6428
6429
6434
6440
6441
6442
6443
6446
6448
6449
6450
6454
6456
6458
6460
6462
6464
6466
6467
6469
6471
6472
6473
6474
6475
6476
6477
6478
6479
6480
6483
6485
6487
6488
6490
6491
6496
6497
6498
6499
6504
6508
6512
6513
6514
6515
6518
6520
6521
6524
6525
6528
6529
6530
6534
6535
6536
6538
6539
6540
6543
6545
6546
6548
6550
6551
6552
6553
6555
6560
6564
6565
6566
6567
6569
6570
6571
6573
6574
6577
6579
6580
6582
6587
6588
6590
6592
6595
6597
6602
6605
6606
6607
6608
6610
6611
6613
6614
6615
6617
6619
6620
6622
6624
6625
6627
6629
6630
6631
6636
6638
6640
6644
6645
6646
6647
6648
6654
6656
6657
6660
6661
6662
6664
6665
6666
6667
6668
6670
6671
6673
6674
6675
6676
6677
6678
6680
6681
6683
6684
6685
6688
6689
6692
6694
6697
6699
6700
6705
6706
6709
6710
6712
6716
6717
6719
6721
6724
6725
6727
6728
6729
6730
6731
6732
6733
6734
6736
6737
6738
6740
6742
6743
6746
6747
6749
6750
6757
6759
6761
6762
6763
6767
6770
6772
6774
6775
6776
6777
6778
6780
6782
6784
6786
6787
6788
6793
6794
6795
6796
6798
6800
6801
6802
6805
6807
6808
6812
6813
6814
6815
6822
6823
6826
6828
6829
6832
6833
6834
6835
6836
6837
6838
6839
6840
6841
6844
6845
6847
6848
6850
6851
6854
6856
6858
6860
6861
6862
6866
6869
6871
6872
6874
6876
6880
6881
6882
6887
6889
6890
6894
6896
6898
6899
6903
6904
6905
6910
6911
6912
6919
6924
6925
6926
6931
6933
6935
6942
6944
6946
6947
6952
6953
6954
6955
6956
6957
6958
6960
6961
6965
6966
6967
6968
6969
6971
6976
6977
6979
6980
6981
6984
6985
6986
6987
6995
7001
7002
7005
7006
7009
7011
7012
7013
7017
7018
7022
7023
7025
7026
7027
7031
7036
7037
7038
7042
7043
7048
7049
7053
7054
7059
7060
7064
7065
7067
7068
7069
7071
7074
7076
7077
7078
7081
7082
7083
7086
7091
7099
7103
7106
7108
7109
7112
7115
7117
7120
7123
7127
7130
7131
7133
7134
7137
7138
7139
7141
7143
7149
7150
7151
7152
7155
7156
7157
7158
7164
7166
7171
7173
7181
7183
7184
7185
7186
7187
7190
7192
7194
7195
7196
7199
7201
7204
7205
7206
7207
7209
7211
7212
7215
7219
7222
7224
7225
7228
7230
7232
7236
7237
7239
7240
7242
7243
7245
7246
7248
7251
7252
7254
7256
7261
7262
7264
7265
7266
7270
7271
7276
7279
7280
7282
7283
7284
7287
7288
7289
7292
7293
7295
7297
7299
7303
7312
7314
7317
7318
7322
7323
7325
7327
7328
7329
7331
7332
7333
7334
7337
7341
7342
7344
7345
7346
7347
7348
7349
7351
7355
7356
7357
7358
7359
7360
7362
7363
7364
7365
7367
7369
7370
7371
7372
7374
7375
7376
7378
7383
7386
7388
7395
7399
7400
7401
7403
7405
7407
7408
7410
7411
7412
7413
7414
7415
7416
7419
7420
7423
7426
7427
7428
7430
7432
7437
7438
7440
7442
7444
7445
7449
7450
7452
7454
7455
7458
7459
7462
7463
7464
7465
7467
7470
7471
7472
7474
7475
7477
7479
7483
7484
7487
7489
7490
7492
7494
7496
7498
7500
7501
7502
7508
7509
7510
7512
7513
7514
7516
7517
7524
7525
7530
7531
7532
7534
7535
7536
7537
7539
7543
7547
7548
7549
7557
7560
7562
7567
7568
7573
7574
7577
7579
7581
7584
7586
7587
7589
7590
7591
7593
7594
7598
7600
7601
7607
7608
7609
7614
7615
7616
7617
7619
7622
7623
7628
7629
7634
7635
7638
7641
7643
7644
7645
7648
7651
7658
7665
7666
7667
7669
7671
7672
7676
7677
7679
7682
7683
7684
7685
7686
7688
7689
7690
7693
7694
7695
7696
7699
7700
7704
7705
7707
7711
7716
7717
7719
7721
7724
7726
7727
7733
7736
7738
7739
7741
7744
7751
7752
7755
7758
7759
7760
7762
7764
7767
7772
7773
7776
7781
7782
7784
7787
7789
7794
7797
7798
7800
7802
7804
7807
7809
7810
7813
7814
7816
7818
7821
7822
7823
7827
7828
7829
7830
7831
7833
7834
7838
7839
7841
7845
7847
7848
7850
7854
7855
7856
7860
7861
7862
7863
7864
7866
7868
7869
7870
7872
7873
7876
7877
7880
7882
7883
7884
7887
7888
7893
7895
7896
7898
7900
7903
7906
7908
7911
7912
7913
7917
7918
7920
7921
7922
7923
7924
7925
7926
7927
7928
7931
7933
7934
7936
7937
7939
7941
7951
7953
7956
7959
7960
7961
7962
7963
7966
7968
7969
7970
7971
7972
7976
7977
7979
7980
7981
7983
7985
7990
7993
7994
7996
7997
7998
7999
8000
8001
8002
8004
8005
8006
8007
8008
8009
8011
8012
8016
8017
8018
8021
8022
8026
8028
8029
8033
8036
8038
8039
8040
8041
8042
8043
8045
8047
8050
8055
8056
8057
8063
8065
8069
8071
8072
8073
8075
8078
8084
8085
8088
8091
8094
8102
8105
8106
8108
8109
8110
8111
8112
8113
8115
8116
8120
8123
8126
8130
8131
8135
8136
8137
8138
8140
8142
8143
8144
8149
8153
8155
8156
8158
8159
8162
8163
8164
8166
8167
8170
8172
8175
8176
8179
8180
8181
8184
8185
8188
8190
8192
8194
8195
8198
8199
8200
8202
8204
8205
8208
8209
8212
8213
8214
8215
8216
8217
8218
8219
8221
8222
8223
8225
8227
8229
8231
8235
8240
8241
8242
8243
8245
8248
8249
8250
8252
8254
8255
8257
8262
8263
8264
8265
8268
8269
8270
8271
8273
8276
8278
8280
8283
8285
8286
8288
8292
8293
8294
8295
8296
8298
8303
8305
8306
8308
8309
8313
8314
8316
8317
8322
8324
8325
8326
8331
8334
8335
8336
8338
8341
8343
8344
8347
8348
8349
8352
8353
8357
8358
8360
8364
8365
8369
8370
8376
8379
8380
8385
8386
8387
8389
8391
8394
8395
8398
8401
8402
8405
8406
8407
8408
8409
8410
8414
8417
8418
8419
8421
8422
8427
8430
8432
8433
8437
8442
8445
8446
8447
8448
8449
8451
8452
8454
8455
8456
8458
8463
8465
8470
8472
8475
8478
8480
8483
8486
8492
8494
8496
8497
8501
8502
8503
8508
8509
8512
8513
8514
8516
8517
8519
8520
8523
8528
8529
8533
8534
8537
8538
8542
8545
8547
8548
8549
8550
8552
8554
8560
8562
8563
8564
8566
8570
8573
8576
8577
8578
8579
8581
8584
8585
8586
8588
8589
8591
8594
8598
8599
8600
8604
8605
8610
8617
8619
8620
8621
8624
8625
8626
8627
8628
8630
8633
8634
8636
8638
8640
8643
8644
8646
8647
8656
8657
8658
8663
8664
8665
8666
8670
8671
8672
8673
8674
8675
8678
8679
8680
8682
8687
8688
8689
8691
8693
8695
8696
8697
8702
8703
8704
8705
8706
8711
8712
8717
8719
8722
8723
8724
8725
8727
8730
8731
8733
8734
8735
8737
8740
8741
8742
8743
8744
8745
8746
8747
8748
8752
8753
8754
8756
8757
8760
8765
8766
8768
8773
8774
8781
8784
8785
8787
8788
8791
8792
8793
8794
8795
8796
8803
8804
8805
8807
8812
8813
8814
8815
8816
8817
8819
8822
8824
8826
8827
8828
8831
8832
8834
8835
8836
8838
8839
8841
8843
8848
8850
8851
8858
8859
8860
8864
8865
8868
8870
8871
8872
8875
8876
8877
8879
8880
8881
8882
8883
8884
8887
8888
8889
8891
8893
8894
8896
8898
8899
8903
8904
8905
8910
8913
8915
8917
8920
8922
8924
8926
8927
8929
8931
8935
8937
8938
8940
8941
8942
8945
8947
8948
8950
8951
8952
8955
8957
8960
8961
8963
8967
8968
8970
8972
8973
8975
8976
8977
8978
8981
8983
8984
8985
8988
8990
8991
8993
8994
8996
8997
8998
9000
9005
9007
9010
9015
9016
9018
9019
9020
9022
9024
9028
9029
9034
9036
9041
9044
9045
9049
9051
9052
9053
9056
9057
9059
9061
9062
9064
9066
9068
9074
9076
9077
9078
9079
9082
9083
9085
9086
9090
9091
9092
9093
9094
9097
9098
9099
9100
9101
9102
9104
9108
9110
9111
9114
9115
9116
9117
9118
9121
9122
9123
9127
9128
9130
9133
9134
9135
9138
9140
9145
9146
9147
9153
9157
9158
9159
9160
9164
9165
9168
9170
9171
9173
9182
9183
9184
9185
9188
9191
9192
9193
9194
9204
9207
9208
9209
9210
9212
9213
9214
9218
9219
9220
9223
9224
9227
9229
9230
9231
9232
9233
9234
9237
9240
9242
9249
9250
9251
9252
9253
9254
9255
9256
9260
9261
9262
9263
9265
9267
9268
9269
9270
9271
9273
9274
9275
9279
9282
9284
9285
9287
9289
9292
9293
9294
9296
9297
9298
9302
9304
9305
9307
9308
9309
9312
9314
9316
9318
9319
9320
9321
9322
9323
9328
9330
9338
9340
9342
9345
9347
9348
9349
9352
9356
9360
9361
9363
9364
9365
9367
9368
9369
9370
9372
9375
9380
9381
9384
9387
9390
9391
9394
9395
9397
9399
9400
9401
9402
9403
9404
9405
9406
9407
9408
9409
9411
9413
9415
9418
9419
9420
9426
9428
9429
9431
9434
9436
9439
9443
9444
9445
9446
9447
9448
9449
9451
9453
9454
9458
9460
9462
9464
9465
9468
9469
9470
9471
9472
9477
9480
9482
9483
9485
9487
9489
9490
9492
9493
9494
9495
9496
9498
9499
9504
9505
9506
9507
9508
9509
9511
9515
9518
9521
9525
9528
9529
9530
9533
9535
9537
9538
9540
9541
9551
9552
9554
9557
9558
9559
9561
9562
9563
9564
9565
9566
9567
9568
9574
9576
9579
9580
9581
9582
9585
9588
9589
9593
9596
9597
9598
9599
9603
9604
9605
9607
9608
9610
9613
9614
9616
9617
9619
9620
9623
9624
9625
9626
9627
9629
9630
9631
9633
9634
9635
9638
9640
9643
9645
9647
9648
9650
9651
9652
9655
9657
9662
9665
9666
9667
9672
9673
9675
9676
9677
9679
9680
9682
9683
9685
9690
9691
9692
9694
9695
9696
9697
9698
9700
9701
9702
9704
9705
9709
9711
9713
9716
9720
9721
9727
9728
9729
9731
9736
9737
9739
9740
9741
9742
9743
9749
9750
9753
9754
9756
9758
9767
9769
9770
9771
9772
9773
9775
9776
9778
9779
9783
9785
9788
9789
9792
9793
9794
9798
9799
9802
9803
9804
9805
9808
9812
9818
9819
9820
9824
9825
9826
9830
9837
9838
9839
9840
9842
9843
9845
9847
9848
9849
9851
9853
9858
9859
9862
9863
9865
9866
9868
9871
9872
9873
9882
9884
9886
9887
9889
9890
9891
9894
9896
9899
9902
9903
9905
9913
9914
9915
9916
9917
9918
9919
9921
9922
9923
9924
9926
9927
9932
9933
9935
9939
9940
9941
9942
9944
9945
9946
9947
9948
9950
9952
9953
9956
9957
9958
9959
9960
9961
9964
9965
9968
9970
9972
9973
9974
9978
9981
9984
9985
9987
9990
9993
9995
10000
10001
10002
10003
10006
10008
10010
10013
10015
10018
10021
10022
10023
10026
10027
10029
10031
10033
10034
10035
10037
10039
10041
10043
10046
10048
10050
10052
10055
10060
10061
10065
10067
10068
10070
10073
10075
10076
10077
10078
10080
10081
10083
10084
10086
10090
10091
10093
10094
10095
10096
10097
10102
10105
10109
10114
10115
10116
10119
10120
10123
10125
10128
10129
10130
10133
10134
10136
10137
10139
10140
10141
10143
10144
10145
10146
10150
10151
10152
10156
10157
10158
10159
10160
10161
10162
10163
10165
10167
10169
10170
10171
10174
10175
10179
10180
10181
10185
10186
10189
10191
10192
10193
10196
10197
10198
10199
10200
10201
10204
10205
10206
10208
10209
10213
10215
10221
10222
10224
10225
10229
10230
10231
10232
10234
10236
10238
10241
10242
10243
10244
10245
10246
10247
10248
10251
10252
10253
10254
10261
10262
10265
10269
10270
10274
10275
10277
10278
10281
10282
10286
10287
10297
10300
10303
10304
10305
10306
10309
10310
10313
10318
10320
10321
10327
10328
10329
10330
10332
10333
10335
10337
10339
10345
10347
10348
10349
10351
10353
10355
10359
10361
10363
10366
10367
10368
10373
10375
10376
10378
10380
10383
10384
10387
10389
10392
10397
10398
10401
10402
10405
10407
10408
10411
10412
10414
10417
10421
10424
10426
10427
10428
10430
10432
10434
10435
10438
10441
10443
10444
10445
10446
10447
10448
10450
10453
10458
10459
10460
10461
10462
10464
10467
10470
10471
10472
10474
10475
10478
10479
10480
10482
10485
10487
10488
10490
10493
10494
10496
10498
10501
10503
10505
10506
10511
10513
10515
10516
10522
10523
10524
10525
10527
10530
10532
10535
10536
10537
10540
10542
10545
10546
10547
10548
10549
10552
10555
10558
10559
10561
10563
10564
10568
10569
10571
10573
10579
10582
10595
10599
10600
10603
10609
10610
10611
10614
10617
10619
10621
10622
10626
10627
10632
10633
10634
10635
10636
10637
10639
10640
10642
10643
10646
10647
10649
10651
10654
10656
10657
10658
10659
10660
10662
10663
10666
10668
10669
10673
10674
10675
10676
10677
10679
10683
10684
10685
10687
10688
10689
10690
10695
10696
10697
10698
10700
10701
10702
10703
10704
10706
10712
10713
10714
10717
10722
10724
10725
10728
10729
10731
10733
10735
10738
10739
10740
10742
10743
10744
10745
10747
10749
10750
10751
10752
10753
10754
10756
10757
10761
10763
10767
10768
10770
10771
10772
10776
10778
10780
10784
10787
10788
10789
10790
10792
10794
10799
10801
10802
10803
10804
10805
10810
10811
10812
10814
10816
10818
10819
10820
10821
10822
10826
10828
10829
10830
10831
10835
10836
10840
10846
10848
10849
10853
10855
10858
10860
10861
10862
10863
10864
10865
10866
10868
10869
10873
10877
10880
10882
10884
10886
10887
10888
10889
10890
10891
10892
10893
10894
10896
10900
10903
10904
10905
10907
10909
10914
10916
10919
10921
10925
10926
10927
10933
10934
10935
10936
10937
10939
10941
10943
10945
10948
10952
10953
10958
10961
10963
10964
10968
10969
10971
10973
10974
10976
10977
10984
10986
10987
10990
10992
10996
10997
10999
11000
11005
11010
11012
11013
11015
11017
11018
11019
11021
11022
11024
11025
11026
11030
11032
11037
11043
11044
11046
11047
11048
11049
11050
11052
11054
11056
11057
11058
11059
11060
11061
11062
11064
11067
11068
11072
11073
11074
11075
11080
11082
11083
11085
11086
11087
11090
11091
11092
11093
11094
11097
11098
11099
11100
11101
11102
11105
11106
11107
11108
11110
11111
11113
11115
11116
11122
11126
11128
11129
11130
11132
11133
11134
11135
11136
11141
11142
11143
11145
11146
11151
11154
11155
11159
11160
11164
11165
11166
11167
11169
11172
11173
11177
11178
11180
11183
11184
11188
11190
11193
11194
11195
11197
11198
11199
11202
11203
11206
11209
11213
11214
11216
11217
11218
11219
11220
11221
11234
11237
11238
11241
11244
11245
11246
11250
11252
11254
11256
11257
11258
11259
11261
11264
11265
11266
11267
11269
11270
11273
11274
11280
11281
11283
11285
11286
11289
11292
11294
11297
11301
11302
11304
11309
11313
11314
11316
11317
11318
11321
11329
11333
11336
11344
11345
11350
11352
11353
11355
11360
11365
11367
11370
11373
11374
11375
11376
11379
11380
11382
11383
11385
11386
11388
11391
11392
11396
11397
11401
11402
11405
11406
11410
11412
11413
11415
11417
11418
11419
11420
11421
11423
11425
11426
11427
11429
11431
11432
11436
11437
11441
11443
11444
11445
11447
11448
11452
11455
11456
11457
11459
11463
11466
11472
11473
11475
11477
11480
11488
11490
11493
11494
11495
11497
11499
11500
11503
11504
11507
11508
11510
11511
11512
11515
11518
11519
11520
11522
11523
11526
11529
11532
11534
11535
11536
11538
11539
11542
11544
11545
11546
11547
11550
11551
11554
11555
11557
11559
11560
11563
11564
11568
11573
11575
11576
11578
11579
11580
11586
11590
11594
11598
11600
11602
11603
11606
11609
11610
11612
11613
11616
11618
11619
11621
11625
11629
11639
11640
11641
11642
11647
11648
11651
11653
11657
11660
11666
11667
11669
11670
11671
11672
11673
11674
11677
11678
11679
11682
11683
11684
11687
11688
11689
11690
11691
11695
11697
11698
11700
11701
11702
11703
11705
11706
11707
11708
11709
11711
11712
11715
11717
11718
11722
11725
11726
11727
11730
11731
11737
11740
11741
11742
11744
11748
11750
11753
11755
11756
11757
11760
11761
11762
11763
11764
11765
11766
11767
11768
11770
11773
11774
11776
11778
11780
11782
11783
11786
11787
11789
11790
11791
11792
11793
11794
11795
11802
11804
11808
11810
11811
11812
11813
11814
11819
11820
11822
11824
11825
11827
11828
11829
11830
11831
11832
11833
11834
11835
11836
11838
11840
11841
11845
11848
11850
11852
11854
11856
11858
11861
11862
11863
11864
11865
11867
11868
11870
11874
11875
11876
11877
11878
11879
11880
11881
11884
11886
11893
11896
11898
11899
11901
11902
11904
11906
11907
11909
11910
11911
11913
11915
11916
11917
11918
11920
11924
11927
11928
11931
11934
11937
11939
11942
11944
11947
11948
11949
11951
11953
11954
11955
11957
11958
11960
11961
11962
11965
11967
11972
11973
11975
11976
11977
11978
11980
11981
11982
11985
11986
11989
11992
11994
11995
11996
12002
12003
12004
12007
12008
12011
12012
12013
12014
12015
12016
12020
12021
12022
12023
12024
12025
12028
12029
12032
12034
12037
12039
12042
12044
12045
12046
12050
12052
12053
12055
12059
12061
12062
12066
12069
12070
12071
12073
12076
12077
12078
12079
12080
12084
12085
12090
12092
12093
12095
12097
12098
12099
12105
12106
12108
12109
12110
12111
12116
12117
12119
12122
12126
12129
12132
12133
12135
12136
12137
12139
12145
12148
12149
12152
12156
12159
12160
12162
12166
12167
12169
12174
12175
12176
12178
12179
12181
12182
12184
12185
12188
12190
12191
12193
12194
12197
12198
12202
12205
12208
12210
12212
12213
12215
12219
12220
12222
12224
12225
12226
12227
12229
12232
12233
12234
12237
12244
12246
12248
12249
12250
12251
12257
12259
12260
12263
12264
12265
12266
12267
12268
12269
12270
12273
12274
12275
12276
12280
12281
12282
12284
12297
12302
12306
12315
12317
12319
12325
12327
12331
12332
12333
12334
12335
12336
12337
12340
12342
12347
12349
12350
12353
12354
12357
12358
12360
12362
12363
12364
12365
12368
12370
12373
12374
12381
12383
12384
12391
12393
12397
12399
12400
12402
12405
12407
12408
12409
12411
12413
12415
12417
12422
12423
12425
12426
12427
12428
12432
12433
12434
12437
12439
12440
12442
12444
12446
12454
12455
12459
12460
12461
12462
12466
12467
12468
12469
12472
12477
12480
12483
12484
12486
12487
12489
12490
12492
12493
12494
12495
12500
12501
12502
12504
12507
12510
12511
12512
12513
12514
12519
12520
12525
12526
12528
12533
12534
12536
12538
12541
12543
12545
12547
12548
12549
12550
12552
12553
12554
12558
12564
12566
12567
12569
12571
12572
12574
12575
12576
12578
12579
12580
12581
12586
12587
12588
12589
12590
12591
12593
12596
12599
12601
12602
12603
12604
12608
12613
12614
12617
12618
12619
12621
12622
12623
12626
12627
12628
12629
12630
12633
12634
12635
12636
12640
12645
12650
12653
12656
12658
12661
12662
12664
12665
12666
12673
12675
12677
12678
12679
12681
12683
12684
12685
12692
12697
12699
12703
12707
12711
12714
12716
12717
12718
12720
12721
12722
12723
12724
12727
12729
12734
12735
12736
12737
12738
12739
12740
12742
12746
12749
12751
12754
12755
12757
12758
12760
12762
12763
12764
12765
12766
12768
12774
12775
12777
12781
12782
12783
12788
12791
12792
12794
12797
12803
12805
12808
12809
12810
12811
12812
12814
12816
12817
12819
12822
12823
12825
12827
12828
12830
12832
12834
12839
12840
12843
12844
12846
12847
12848
12849
12850
12853
12854
12855
12856
12859
12862
12863
12864
12865
12867
12869
12870
12872
12873
12875
12876
12877
12878
12880
12881
12882
12883
12885
12886
12894
12896
12897
12898
12899
12901
12907
12910
12912
12914
12916
12918
12919
12922
12923
12924
12926
12927
12931
12932
12933
12936
12938
12939
12943
12944
12947
12948
12951
12952
12953
12955
12956
12957
12958
12960
12962
12963
12964
12965
12967
12970
12972
12973
12975
12976
12978
12979
12980
12981
12982
12989
12996
12997
12999
13000
13002
13007
13009
13014
13016
13023
13024
13025
13026
13027
13029
13030
13031
13032
13034
13037
13039
13045
13046
13047
13048
13051
13054
13060
13061
13062
13063
13072
13073
13074
13075
13076
13077
13079
13080
13081
13082
13084
13086
13087
13089
13091
13096
13097
13098
13100
13101
13103
13104
13107
13108
13109
13111
13112
13115
13116
13117
13118
13120
13121
13123
13125
13128
13129
13131
13133
13134
13137
13139
13142
13143
13145
13146
13149
13153
13155
13158
13160
13161
13162
13163
13167
13168
13173
13180
13181
13182
13184
13185
13187
13189
13191
13194
13195
13197
13199
13200
13203
13204
13205
13206
13207
13209
13210
13211
13212
13214
13215
13216
13220
13222
13223
13225
13227
13228
13231
13232
13233
13234
13235
13236
13237
13240
13241
13242
13243
13244
13246
13249
13252
13256
13259
13260
13261
13262
13266
13270
13272
13280
13281
13282
13284
13287
13288
13289
13292
13294
13296
13297
13298
13299
13303
13304
13305
13310
13311
13312
13314
13315
13316
13317
13319
13320
13324
13325
13328
13329
13331
13332
13333
13334
13335
13337
13338
13339
13340
13342
13343
13345
13347
13348
13352
13355
13356
13359
13361
13362
13364
13365
13367
13368
13369
13373
13375
13379
13380
13381
13382
13383
13387
13390
13391
13392
13394
13395
13396
13397
13398
13399
13401
13405
13407
13412
13413
13420
13422
13423
13425
13429
13433
13435
13438
13439
13440
13441
13442
13444
13447
13448
13450
13451
13452
13453
13456
13457
13458
13459
13460
13461
13462
13464
13467
13471
13472
13473
13474
13475
13476
13477
13478
13479
13480
13481
13486
13487
13488
13489
13490
13492
13494
13495
13499
13500
13503
13504
13506
13508
13509
13513
13514
13515
13516
13522
13523
13524
13526
13529
13533
13534
13535
13536
13540
13542
13543
13547
13548
13551
13552
13553
13555
13556
13557
13559
13562
13564
13569
13571
13573
13574
13575
13576
13578
13579
13582
13584
13585
13586
13587
13590
13592
13593
13595
13597
13599
13600
13602
13604
13605
13607
13608
13610
13613
13614
13616
13617
13618
13620
13623
13624
13630
13631
13632
13634
13636
13637
13638
13642
13643
13644
13645
13647
13649
13652
13653
13655
13656
13661
13662
13663
13664
13665
13667
13668
13670
13672
13673
13676
13677
13681
13683
13684
13686
13687
13688
13691
13693
13694
13697
13700
13703
13705
13706
13707
13708
13710
13711
13713
13716
13718
13720
13723
13726
13729
13731
13732
13738
13740
13743
13744
13745
13746
13747
13749
13750
13752
13753
13754
13760
13761
13762
13766
13767
13768
13771
13772
13775
13777
13778
13781
13782
13783
13792
13794
13796
13797
13798
13800
13801
13802
13804
13805
13808
13810
13812
13813
13815
13816
13817
13818
13819
13821
13823
13824
13826
13830
13831
13832
13834
13835
13837
13840
13841
13842
13844
13845
13846
13847
13849
13850
13852
13853
13855
13856
13859
13863
13864
13866
13870
13873
13874
13875
13877
13881
13886
13888
13893
13895
13896
13899
13900
13901
13902
13903
13907
13908
13909
13910
13911
13914
13915
13916
13917
13919
13920
13922
13923
13924
13925
13926
13928
13931
13932
13933
13938
13939
13942
13944
13947
13948
13949
13953
13954
13955
13956
13957
13958
13962
13963
13964
13965
13966
13968
13973
13974
13975
13977
13978
13982
13986
13987
13992
13993
13994
13996
13997
13998
14000
14003
14005
14006
14007
14008
14009
14011
14013
14018
14021
14023
14024
14025
14028
14029
14034
14037
14038
14039
14043
14044
14047
14048
14051
14054
14055
14056
14057
14058
14060
14062
14064
14066
14067
14069
14071
14072
14073
14075
14077
14078
14080
14081
14082
14085
14086
14087
14088
14090
14092
14094
14095
14097
14100
14101
14102
14103
14104
14107
14109
14110
14112
14114
14115
14116
14117
14118
14119
14120
14123
14125
14127
14129
14135
14137
14141
14142
14143
14145
14146
14147
14150
14151
14153
14154
14156
14157
14158
14160
14168
14169
14170
14173
14174
14175
14176
14180
14184
14186
14188
14189
14190
14191
14192
14196
14197
14199
14200
14201
14205
14206
14209
14211
14212
14218
14219
14220
14221
14223
14224
14225
14226
14227
14228
14230
14231
14233
14235
14237
14238
14245
14247
14248
14249
14250
14252
14254
14255
14260
14261
14266
14267
14269
14271
14272
14273
14274
14275
14277
14278
14279
14280
14284
14285
14286
14287
14291
14292
14293
14294
14296
14297
14303
14304
14305
14306
14307
14311
14316
14317
14319
14320
14322
14324
14325
14326
14330
14331
14332
14336
14338
14341
14342
14344
14347
14348
14350
14351
14352
14353
14354
14355
14358
14359
14361
14365
14366
14367
14369
14370
14371
14376
14377
14378
14379
14380
14381
14390
14393
14394
14396
14400
14401
14402
14403
14405
14407
14409
14410
14411
14412
14414
14415
14416
14417
14418
14423
14424
14426
14427
14430
14431
14432
14435
14437
14441
14442
14445
14447
14448
14451
14455
14457
14458
14459
14463
14465
14466
14469
14470
14476
14479
14480
14484
14485
14486
14494
14495
14496
14498
14499
14500
14501
14502
14504
14506
14507
14508
14510
14511
14514
14518
14520
14522
14526
14533
14535
14536
14538
14539
14542
14546
14547
14550
14556
14557
14558
14563
14568
14569
14573
14576
14578
14580
14581
14582
14586
14587
14588
14590
14592
14597
14598
14601
14603
14605
14609
14610
14611
14613
14617
14618
14621
14622
14623
14624
14625
14629
14630
14631
14633
14634
14636
14637
14639
14640
14643
14644
14647
14648
14654
14655
14656
14657
14658
14661
14662
14663
14664
14670
14675
14676
14677
14683
14685
14686
14687
14688
14690
14692
14694
14695
14698
14702
14704
14705
14710
14711
14716
14721
14722
14723
14724
14734
14735
14737
14738
14741
14742
14744
14746
14747
14748
14749
14754
14755
14756
14757
14759
14763
14767
14769
14772
14773
14774
14775
14777
14781
14785
14787
14788
14794
14795
14796
14799
14800
14801
14802
14803
14804
14806
14807
14808
14810
14814
14815
14818
14819
14823
14824
14825
14828
14829
14837
14838
14840
14842
14843
14845
14846
14849
14850
14852
14854
14855
14856
14857
14859
14860
14863
14865
14866
14870
14873
14874
14875
14878
14881
14883
14884
14885
14887
14889
14890
14892
14893
14896
14897
14898
14901
14902
14903
14904
14906
14908
14909
14910
14911
14912
14914
14922
14925
14929
14930
14932
14933
14934
14937
14938
14939
14943
14944
14947
14948
14949
14950
14953
14954
14955
14956
14957
14959
14960
14962
14965
14967
14968
14969
14972
14974
14976
14977
14980
14981
14982
14984
14986
14996
14999
15000
15001
15003
15004
15007
15008
15009
15012
15015
15016
15017
15018
15019
15021
15022
15023
15024
15025
15026
15028
15031
15032
15034
15035
15036
15038
15042
15044
15047
15051
15053
15057
15058
15059
15065
15066
15072
15073
15074
15075
15076
15077
15081
15083
15091
15092
15094
15095
15098
15100
15102
15105
15107
15108
15109
15112
15113
15114
15115
15118
15123
15131
15133
15134
15139
15140
15141
15142
15146
15147
15149
15153
15155
15157
15158
15159
15166
15169
15174
15175
15178
15181
15182
15185
15186
15189
15190
15192
15194
15195
15199
15206
15207
15210
15213
15214
15215
15218
15219
15220
15222
15228
15233
15237
15239
15240
15241
15242
15243
15244
15245
15246
15250
15252
15253
15255
15257
15258
15259
15261
15264
15265
15266
15267
15272
15273
15274
15275
15277
15278
15279
15280
15281
15285
15291
15295
15296
15297
15304
15306
15307
15308
15309
15312
15313
15314
15315
15316
15317
15319
15321
15322
15323
15324
15327
15330
15331
15332
15333
15335
15337
15338
15339
15340
15341
15342
15343
15344
15346
15351
15352
15354
15356
15357
15364
15367
15369
15371
15372
15374
15375
15380
15381
15382
15383
15389
15390
15394
15395
15396
15400
15401
15403
15406
15407
15413
15417
15420
15423
15424
15425
15426
15427
15429
15430
15431
15435
15438
15439
15441
15443
15444
15445
15446
15447
15448
15451
15452
15455
15459
15462
15463
15464
15467
15469
15471
15475
15477
15478
15480
15483
15489
15492
15494
15495
15496
15497
15498
15499
15500
15501
15504
15505
15510
15519
15520
15522
15525
15528
15529
15532
15534
15537
15540
15541
15545
15546
15547
15549
15550
15552
15556
15557
15558
15559
15561
15562
15564
15566
15567
15569
15573
15574
15576
15578
15579
15580
15586
15587
15588
15593
15594
15596
15597
15600
15601
15602
15606
15607
15609
15612
15613
15617
15619
15621
15622
15624
15625
15626
15627
15628
15630
15631
15632
15633
15639
15640
15641
15643
15645
15646
15649
15651
15656
15657
15660
15661
15663
15665
15667
15670
15673
15676
15680
15682
15683
15684
15686
15687
15689
15690
15691
15692
15693
15695
15696
15698
15699
15701
15702
15706
15707
15708
15711
15712
15713
15714
15715
15716
15717
15720
15723
15724
15729
15730
15732
15733
15734
15735
15736
15737
15738
15741
15743
15746
15747
15748
15751
15752
15756
15758
15760
15761
15763
15768
15769
15771
15772
15774
15779
15781
15782
15783
15786
15788
15789
15791
15792
15793
15794
15796
15797
15798
15802
15803
15804
15811
15812
15814
15815
15816
15817
15819
15822
15825
15829
15830
15831
15833
15834
15835
15836
15838
15839
15841
15842
15843
15847
15849
15850
15852
15853
15854
15857
15862
15863
15867
15868
15869
15870
15871
15872
15876
15878
15880
15881
15882
15885
15886
15887
15888
15891
15892
15896
15899
15900
15908
15913
15914
15916
15919
15920
15921
15927
15929
15930
15931
15932
15934
15936
15937
15940
15941
15946
15947
15949
15950
15954
15956
15958
15959
15965
15966
15967
15972
15973
15974
15975
15980
15981
15982
15984
15987
15988
15989
15992
15993
15994
15995
15997
15999
16000
16001
16002
16005
16006
16010
16011
16015
16016
16023
16024
16025
16026
16028
16030
16031
16036
16038
16039
16040
16042
16045
16048
16050
16051
16055
16057
16058
16059
16060
16061
16063
16065
16066
16067
16069
16070
16071
16072
16074
16075
16076
16081
16083
16086
16091
16092
16094
16096
16097
16098
16099
16100
16105
16106
16107
16108
16109
16110
16113
16114
16115
16117
16118
16123
16127
16128
16129
16131
16133
16136
16137
16139
16140
16141
16142
16145
16146
16147
16151
16153
16154
16157
16159
16161
16162
16164
16166
16167
16168
16169
16170
16171
16172
16175
16177
16178
16181
16182
16183
16185
16189
16190
16193
16194
16199
16202
16203
16204
16206
16207
16211
16213
16214
16215
16217
16218
16220
16222
16227
16229
16230
16231
16233
16236
16237
16238
16239
16241
16243
16244
16248
16249
16250
16253
16254
16255
16262
16265
16266
16267
16268
16269
16270
16271
16272
16273
16274
16275
16276
16279
16280
16281
16282
16283
16287
16290
16291
16296
16298
16299
16303
16304
16306
16307
16309
16313
16315
16318
16319
16320
16321
16322
16327
16329
16330
16334
16335
16338
16341
16343
16348
16349
16350
16351
16352
16356
16361
16362
16366
16372
16373
16374
16375
16377
16378
16379
16380
16383
16384
16385
16386
16389
16390
16391
16393
16398
16399
16400
16401
16402
16403
16407
16410
16412
16414
16416
16417
16426
16427
16429
16430
16433
16435
16438
16441
16444
16447
16448
16450
16451
16452
16457
16459
16461
16466
16469
16470
16477
16481
16482
16483
16487
16488
16489
16491
16493
16494
16495
16496
16497
16498
16500
16502
16506
16507
16508
16509
16511
16512
16514
16517
16518
16519
16520
16522
16523
16524
16525
16528
16529
16530
16531
16532
16533
16534
16535
16536
16539
16540
16542
16544
16545
16548
16550
16551
16552
16553
16555
16557
16559
16560
16563
16566
16567
16568
16570
16572
16573
16576
16580
16585
16587
16588
16590
16591
16592
16595
16600
16601
16603
16609
16610
16612
16613
16614
16616
16618
16620
16623
16625
16626
16630
16632
16634
16635
16637
16639
16641
16642
16644
16645
16650
16652
16654
16656
16657
16658
16659
16660
16661
16662
16663
16665
16668
16670
16674
16675
16676
16678
16679
16681
16682
16685
16688
16690
16691
16695
16696
16697
16698
16702
16703
16706
16708
16712
16715
16716
16717
16718
16719
16721
16726
16727
16728
16729
16730
16734
16736
16740
16744
16746
16747
16750
16755
16757
16758
16763
16765
16769
16770
16771
16772
16773
16774
16777
16778
16781
16785
16787
16788
16794
16797
16799
16800
16802
16804
16807
16809
16811
16812
16815
16817
16819
16820
16821
16824
16828
16829
16830
16831
16832
16834
16836
16837
16839
16840
16841
16843
16847
16851
16852
16854
16861
16862
16863
16864
16865
16866
16867
16869
16870
16871
16873
16874
16875
16877
16879
16880
16881
16882
16883
16884
16888
16889
16893
16894
16902
16908
16911
16914
16915
16916
16917
16919
16920
16921
16924
16925
16926
16927
16928
16929
16930
16933
16934
16938
16939
16940
16941
16942
16944
16945
16948
16949
16950
16952
16954
16956
16957
16960
16961
16962
16964
16965
16967
16970
16971
16975
16977
16980
16984
16986
16990
16991
16992
16994
16995
16996
16997
16998
16999
17000
17002
17003
17004
17006
17008
17009
17011
17013
17016
17017
17018
17020
17024
17025
17026
17027
17028
17030
17031
17032
17035
17037
17038
17040
17042
17047
17048
17049
17050
17052
17053
17054
17055
17056
17057
17058
17061
17062
17064
17065
17067
17068
17069
17071
17072
17073
17074
17075
17076
17079
17081
17082
17083
17084
17086
17092
17096
17098
17100
17101
17102
17103
17104
17107
17111
17112
17113
17117
17118
17121
17123
17129
17130
17133
17142
17146
17147
17148
17149
17154
17157
17159
17162
17166
17169
17170
17172
17173
17174
17175
17176
17179
17180
17182
17183
17184
17185
17186
17189
17190
17191
17192
17193
17196
17202
17203
17206
17207
17210
17213
17214
17215
17216
17218
17219
17220
17221
17223
17226
17228
17229
17231
17234
17237
17238
17242
17245
17246
17248
17251
17253
17254
17255
17257
17260
17262
17265
17266
17272
17273
17276
17278
17280
17281
17282
17283
17286
17287
17288
17291
17292
17294
17295
17296
17297
17300
17302
17304
17306
17308
17310
17311
17313
17318
17319
17320
17322
17326
17328
17329
17330
17334
17335
17336
17339
17340
17345
17346
17347
17351
17352
17353
17354
17356
17357
17358
17359
17362
17368
17370
17374
17375
17377
17378
17381
17383
17385
17393
17397
17400
17401
17403
17404
17405
17406
17408
17412
17416
17417
17419
17421
17423
17428
17429
17430
17431
17432
17433
17434
17436
17437
17438
17440
17441
17443
17444
17446
17448
17451
17452
17453
17454
17455
17456
17461
17462
17463
17466
17469
17470
17480
17481
17482
17484
17485
17488
17489
17491
17494
17495
17499
17501
17502
17503
17504
17506
17507
17508
17513
17514
17517
17518
17519
17520
17521
17522
17523
17524
17526
17528
17529
17530
17531
17533
17539
17540
17544
17545
17546
17547
17548
17550
17552
17554
17555
17560
17567
17572
17573
17574
17575
17578
17580
17581
17582
17585
17586
17588
17590
17593
17596
17598
17600
17601
17604
17607
17611
17612
17614
17615
17618
17620
17622
17623
17624
17625
17626
17628
17629
17632
17635
17636
17638
17639
17640
17641
17644
17647
17650
17652
17653
17654
17655
17657
17658
17659
17663
17666
17667
17668
17670
17672
17673
17678
17679
17680
17682
17683
17685
17686
17687
17688
17692
17693
17697
17698
17700
17701
17705
17706
17707
17708
17710
17712
17714
17715
17716
17717
17720
17724
17729
17731
17733
17736
17737
17739
17740
17743
17744
17748
17749
17753
17757
17758
17760
17761
17762
17765
17770
17772
17774
17776
17778
17780
17782
17783
17784
17788
17796
17798
17801
17802
17811
17812
17814
17817
17820
17823
17825
17832
17833
17835
17836
17837
17839
17840
17841
17842
17843
17845
17846
17848
17852
17853
17862
17865
17867
17869
17870
17872
17873
17878
17879
17882
17886
17888
17890
17892
17894
17895
17898
17899
17900
17902
17905
17906
17907
17910
17911
17917
17918
17919
17920
17922
17923
17924
17927
17929
17930
17932
17933
17937
17938
17941
17942
17945
17946
17950
17952
17961
17963
17964
17965
17967
17971
17972
17973
17976
17977
17978
17979
17980
17981
17982
17985
17988
17991
17993
17994
17996
17997
17998
17999
18000
18001
18005
18006
18007
18008
18011
18012
18013
18017
18020
18023
18024
18025
18026
18028
18030
18031
18033
18034
18037
18038
18041
18042
18043
18046
18047
18049
18053
18054
18055
18056
18057
18060
18062
18063
18065
18066
18067
18068
18069
18070
18072
18073
18076
18078
18079
18082
18083
18084
18085
18087
18088
18089
18090
18091
18092
18094
18095
18097
18099
18104
18108
18109
18110
18111
18112
18118
18119
18120
18124
18125
18127
18128
18131
18132
18133
18135
18137
18138
18140
18141
18148
18149
18151
18152
18156
18157
18163
18166
18167
18169
18170
18171
18174
18177
18178
18180
18182
18183
18184
18185
18187
18188
18190
18193
18194
18195
18196
18197
18199
18200
18204
18205
18206
18207
18210
18211
18212
18214
18218
18219
18220
18222
18224
18225
18229
18230
18231
18233
18234
18237
18239
18240
18241
18245
18246
18247
18250
18251
18255
18256
18257
18258
18259
18260
18261
18266
18267
18268
18269
18271
18273
18275
18277
18279
18281
18282
18284
18287
18290
18292
18294
18295
18296
18298
18304
18310
18311
18312
18313
18314
18315
18319
18320
18321
18322
18323
18324
18325
18326
18329
18330
18334
18338
18339
18340
18341
18345
18347
18348
18349
18350
18351
18352
18353
18354
18356
18357
18358
18359
18360
18363
18365
18370
18373
18374
18376
18378
18379
18380
18381
18385
18386
18388
18389
18395
18398
18399
18404
18405
18406
18410
18412
18413
18414
18415
18417
18421
18422
18424
18425
18426
18428
18430
18432
18433
18437
18441
18442
18446
18448
18449
18450
18451
18452
18453
18455
18458
18459
18462
18463
18465
18466
18467
18470
18471
18475
18476
18477
18478
18479
18480
18482
18486
18489
18490
18491
18493
18494
18500
18507
18508
18509
18511
18512
18513
18515
18517
18520
18521
18522
18524
18526
18528
18529
18530
18531
18533
18534
18535
18538
18539
18542
18543
18544
18545
18547
18548
18549
18551
18552
18553
18554
18555
18556
18557
18558
18559
18560
18561
18564
18566
18572
18573
18574
18575
18579
18580
18581
18582
18584
18585
18588
18589
18592
18594
18596
18597
18599
18602
18609
18611
18612
18613
18614
18615
18616
18617
18618
18619
18621
18622
18626
18632
18638
18640
18641
18642
18645
18646
18647
18648
18649
18652
18654
18655
18658
18659
18662
18667
18668
18671
18673
18675
18676
18678
18680
18681
18682
18686
18687
18689
18691
18694
18695
18696
18697
18699
18701
18704
18705
18706
18707
18708
18712
18714
18715
18716
18718
18721
18722
18727
18730
18733
18734
18738
18741
18745
18748
18752
18754
18755
18756
18759
18760
18761
18762
18764
18768
18770
18771
18772
18779
18784
18785
18786
18788
18790
18791
18792
18793
18794
18798
18799
18805
18806
18807
18808
18810
18811
18812
18813
18814
18815
18817
18818
18819
18820
18822
18823
18824
18826
18827
18830
18831
18832
18833
18834
18835
18837
18839
18840
18841
18846
18847
18851
18853
18854
18855
18856
18857
18859
18861
18862
18865
18866
18867
18868
18870
18871
18872
18873
18877
18878
18880
18882
18883
18884
18888
18889
18893
18898
18900
18902
18904
18905
18908
18910
18911
18912
18916
18917
18918
18924
18925
18926
18927
18928
18929
18930
18931
18933
18939
18943
18944
18945
18948
18954
18955
18957
18959
18960
18963
18966
18967
18972
18974
18977
18983
18984
18986
18989
18990
18993
18995
18997
18998
19000
19001
19003
19006
19007
19008
19011
19015
19016
19020
19023
19025
19027
19028
19029
19030
19032
19034
19038
19041
19042
19043
19044
19045
19046
19048
19050
19052
19053
19055
19056
19058
19060
19061
19063
19064
19065
19067
19069
19071
19072
19073
19074
19076
19079
19080
19082
19083
19089
19090
19093
19094
19095
19096
19097
19100
19103
19105
19108
19112
19113
19119
19121
19123
19124
19126
19128
19131
19133
19134
19136
19140
19143
19146
19148
19149
19150
19151
19155
19157
19159
19161
19163
19169
19171
19174
19176
19180
19181
19182
19183
19189
19190
19193
19194
19198
19200
19202
19208
19211
19212
19214
19216
19217
19218
19219
19223
19228
19230
19231
19234
19236
19237
19238
19239
19243
19245
19246
19249
19250
19252
19253
19256
19259
19260
19261
19264
19269
19271
19274
19278
19280
19281
19286
19288
19290
19291
19293
19294
19296
19299
19301
19304
19305
19309
19310
19312
19315
19316
19320
19321
19322
19323
19325
19328
19329
19331
19334
19336
19337
19339
19343
19344
19345
19346
19347
19349
19351
19353
19356
19357
19359
19361
19362
19367
19368
19370
19373
19375
19377
19381
19382
19384
19386
19389
19392
19398
19400
19403
19404
19405
19406
19407
19408
19412
19413
19415
19416
19418
19419
19420
19422
19427
19429
19431
19432
19433
19436
19438
19440
19444
19446
19447
19450
19452
19454
19456
19458
19459
19460
19462
19464
19466
19467
19468
19469
19470
19472
19473
19477
19479
19482
19484
19491
19494
19496
19498
19500
19502
19503
19507
19510
19511
19513
19515
19517
19519
19524
19525
19532
19533
19534
19535
19537
19538
19539
19540
19541
19542
19543
19546
19547
19550
19551
19553
19558
19559
19560
19561
19564
19565
19572
19573
19575
19576
19577
19578
19580
19581
19585
19586
19590
19591
19592
19594
19598
19599
19602
19603
19605
19608
19611
19612
19613
19614
19616
19617
19619
19622
19634
19636
19638
19639
19641
19642
19644
19645
19649
19650
19652
19653
19655
19657
19659
19660
19661
19663
19664
19668
19669
19671
19672
19673
19674
19675
19677
19680
19687
19688
19691
19692
19693
19694
19696
19697
19699
19700
19701
19702
19703
19707
19708
19709
19712
19714
19715
19718
19719
19721
19725
19726
19727
19729
19732
19734
19735
19736
19737
19738
19739
19740
19743
19744
19745
19746
19748
19750
19752
19754
19755
19758
19762
19764
19767
19770
19771
19772
19773
19775
19776
19777
19784
19785
19786
19787
19788
19792
19795
19797
19798
19799
19803
19807
19808
19810
19811
19812
19815
19821
19822
19826
19827
19831
19834
19835
19837
19838
19840
19841
19842
19843
19846
19849
19851
19855
19862
19865
19866
19867
19868
19870
19871
19872
19874
19876
19877
19880
19881
19882
19884
19885
19888
19889
19890
19891
19892
19893
19895
19897
19898
19899
19901
19902
19903
19905
19906
19909
19910
19911
19914
19919
19920
19921
19925
19929
19930
19934
19935
19937
19939
19941
19942
19947
19949
19950
19951
19952
19954
19958
19959
19960
19961
19965
19967
19969
19970
19971
19975
19981
19982
19983
19985
19986
19993
19994
19997
19998
