2
3
7
10
11
14
15
16
17
18
19
20
23
26
30
32
34
35
36
37
38
40
43
45
47
48
49
50
51
54
57
59
61
63
64
66
67
68
69
72
74
76
78
79
81
82
87
89
90
92
93
94
97
98
99
102
105
106
109
110
111
112
113
114
115
117
118
119
120
121
122
123
124
126
128
129
130
132
135
139
140
143
145
147
148
149
150
153
155
157
158
160
161
162
163
165
166
167
172
173
175
179
180
181
183
185
186
189
190
197
198
200
204
207
208
209
213
214
215
219
223
224
225
232
234
235
239
240
241
243
245
246
250
251
252
253
254
255
257
259
260
262
263
265
266
267
268
272
273
274
276
277
278
280
282
285
286
289
290
292
293
294
295
296
298
300
301
303
307
310
311
312
313
315
316
321
323
324
325
328
329
330
331
332
334
335
336
337
339
340
342
345
346
347
349
352
353
354
356
358
359
360
363
366
369
370
371
372
373
374
377
380
381
383
391
394
395
400
401
403
408
411
412
413
414
416
418
421
422
424
425
426
427
432
434
435
438
441
443
446
447
449
450
451
452
453
455
457
459
460
462
465
466
467
468
469
477
479
480
481
482
485
487
488
489
490
494
496
498
500
502
505
507
508
509
514
516
517
518
519
520
521
523
524
525
526
527
530
531
533
534
537
538
539
540
541
542
545
546
548
549
551
552
556
557
558
563
564
568
573
584
587
588
595
596
597
598
600
601
602
606
609
610
614
617
619
620
623
626
630
631
632
635
640
644
647
648
649
652
654
656
657
658
662
664
665
666
667
668
669
671
672
678
680
683
684
688
689
692
694
695
697
698
699
701
709
710
711
712
713
715
716
717
719
722
723
724
725
726
727
730
732
734
735
739
740
741
742
744
745
746
747
748
750
752
753
756
763
770
771
772
773
777
778
779
780
783
785
788
789
790
791
792
795
796
797
798
799
802
804
808
811
813
818
819
822
826
832
833
834
839
840
841
842
843
847
848
850
851
852
856
859
861
864
865
866
869
870
871
873
874
875
878
881
882
883
885
886
890
903
904
906
908
910
911
912
913
914
917
922
923
924
926
930
931
933
935
937
938
943
945
947
948
952
953
956
958
960
963
964
966
968
970
974
977
980
981
982
991
993
997
999
1000
1002
1003
1007
1008
1010
1013
1015
1016
1017
1020
1022
1026
1027
1029
1030
1031
1034
1037
1039
1040
1041
1043
1046
1048
1049
1052
1053
1054
1056
1058
1061
1064
1065
1066
1068
1069
1071
1073
1075
1077
1082
1084
1091
1094
1095
1096
1097
1098
1102
1103
1104
1105
1107
1108
1109
1112
1115
1116
1118
1120
1122
1123
1124
1126
1127
1129
1130
1132
1133
1134
1137
1140
1142
1143
1144
1145
1146
1149
1150
1152
1156
1158
1160
1161
1163
1164
1166
1167
1171
1174
1182
1184
1185
1187
1188
1189
1190
1192
1195
1196
1198
1203
1205
1208
1209
1210
1215
1220
1221
1222
1223
1224
1229
1230
1231
1232
1233
1234
1235
1239
1242
1244
1245
1246
1251
1252
1253
1254
1255
1256
1259
1260
1261
1262
1264
1265
1266
1268
1270
1272
1274
1275
1280
1281
1282
1283
1286
1288
1289
1290
1291
1293
1294
1295
1299
1300
1301
1302
1303
1306
1307
1308
1310
1311
1314
1318
1319
1321
1322
1323
1324
1326
1328
1329
1330
1331
1333
1334
1336
1337
1338
1339
1341
1342
1343
1344
1345
1346
1347
1350
1353
1355
1357
1358
1368
1369
1371
1372
1373
1375
1378
1379
1380
1381
1383
1384
1385
1390
1391
1392
1395
1396
1401
1402
1404
1410
1411
1413
1417
1418
1419
1420
1423
1426
1432
1434
1439
1440
1441
1442
1443
1444
1447
1450
1452
1453
1454
1455
1458
1459
1460
1462
1463
1465
1466
1467
1469
1470
1471
1472
1473
1474
1475
1478
1480
1482
1483
1486
1487
1488
1490
1492
1494
1496
1497
1501
1502
1504
1505
1506
1508
1510
1513
1517
1519
1521
1522
1524
1525
1528
1529
1535
1536
1538
1540
1544
1546
1550
1552
1553
1556
1557
1560
1561
1562
1564
1565
1566
1568
1569
1571
1572
1573
1574
1576
1577
1580
1583
1585
1586
1588
1589
1590
1591
1594
1595
1600
1601
1602
1604
1608
1609
1611
1612
1614
1617
1618
1621
1622
1624
1627
1628
1629
1630
1631
1634
1635
1636
1641
1643
1644
1648
1652
1654
1655
1657
1661
1663
1664
1665
1666
1667
1671
1675
1679
1680
1681
1684
1685
1686
1688
1689
1690
1691
1692
1693
1694
1695
1697
1702
1703
1704
1705
1706
1707
1708
1712
1713
1715
1716
1718
1719
1720
1721
1723
1725
1726
1731
1732
1733
1734
1735
1736
1739
1741
1746
1747
1748
1750
1751
1756
1757
1760
1763
1765
1768
1770
1771
1772
1774
1775
1783
1784
1786
1787
1788
1789
1792
1796
1798
1799
1800
1802
1804
1805
1807
1808
1809
1812
1813
1814
1815
1816
1819
1821
1823
1825
1826
1827
1828
1829
1831
1834
1842
1844
1845
1846
1847
1849
1850
1852
1855
1856
1860
1861
1866
1868
1872
1874
1877
1878
1880
1881
1883
1884
1885
1888
1890
1892
1896
1897
1898
1899
1902
1904
1905
1910
1911
1912
1914
1916
1918
1920
1923
1924
1926
1927
1930
1932
1934
1939
1942
1943
1945
1947
1949
1953
1954
1958
1959
1960
1962
1964
1966
1976
1980
1981
1983
1987
1990
1992
1998
1999
2001
2004
2006
2007
2009
2010
2013
2017
2023
2024
2029
2030
2032
2039
2041
2042
2043
2044
2045
2047
2050
2052
2053
2054
2055
2056
2057
2060
2061
2065
2066
2067
2070
2072
2074
2076
2080
2081
2082
2083
2089
2092
2095
2097
2099
2100
2101
2102
2105
2106
2107
2108
2110
2111
2116
2119
2120
2123
2128
2129
2133
2134
2135
2136
2138
2139
2140
2141
2142
2143
2144
2147
2148
2150
2153
2156
2157
2158
2164
2165
2166
2167
2168
2170
2173
2174
2175
2176
2178
2181
2184
2185
2186
2190
2194
2195
2198
2200
2201
2203
2206
2207
2208
2212
2213
2218
2222
2223
2225
2226
2230
2231
2232
2234
2235
2238
2239
2241
2244
2246
2247
2248
2251
2252
2257
2258
2259
2262
2263
2266
2268
2270
2271
2272
2275
2276
2279
2280
2281
2283
2288
2290
2291
2293
2294
2295
2297
2299
2302
2303
2304
2305
2306
2309
2314
2315
2316
2317
2318
2319
2320
2321
2323
2326
2333
2339
2340
2341
2343
2348
2354
2355
2356
2357
2363
2364
2366
2367
2368
2370
2371
2372
2374
2375
2376
2377
2378
2379
2382
2383
2384
2386
2387
2388
2390
2391
2392
2393
2394
2396
2398
2399
2402
2403
2405
2407
2409
2410
2412
2415
2416
2417
2420
2422
2425
2426
2428
2429
2431
2432
2433
2434
2435
2437
2439
2442
2443
2444
2445
2446
2447
2448
2449
2452
2454
2455
2457
2461
2462
2463
2466
2471
2472
2476
2478
2479
2480
2484
2485
2490
2492
2494
2496
2499
2501
2502
2507
2511
2512
2514
2515
2516
2519
2520
2521
2526
2527
2529
2530
2533
2534
2537
2541
2542
2544
2545
2547
2551
2556
2557
2558
2562
2566
2568
2570
2572
2575
2576
2577
2578
2579
2580
2581
2584
2585
2590
2602
2604
2605
2608
2609
2610
2613
2614
2616
2617
2618
2622
2623
2624
2626
2627
2632
2633
2634
2635
2636
2638
2639
2641
2643
2644
2645
2648
2649
2651
2653
2655
2656
2657
2659
2663
2664
2673
2674
2675
2676
2681
2683
2686
2687
2689
2690
2693
2695
2696
2697
2698
2699
2701
2704
2706
2708
2709
2710
2711
2712
2713
2714
2715
2721
2722
2723
2729
2730
2732
2733
2734
2738
2739
2740
2742
2743
2744
2745
2746
2747
2749
2753
2754
2759
2762
2765
2766
2767
2768
2771
2773
2778
2779
2781
2782
2783
2785
2787
2788
2789
2790
2791
2793
2794
2795
2797
2799
2800
2801
2803
2805
2806
2809
2816
2817
2818
2819
2823
2824
2826
2828
2829
2830
2832
2834
2842
2843
2844
2845
2846
2848
2850
2852
2854
2855
2856
2857
2860
2862
2863
2864
2867
2868
2871
2872
2874
2875
2876
2878
2880
2883
2884
2885
2886
2887
2889
2892
2894
2897
2900
2901
2904
2905
2908
2910
2913
2915
2920
2921
2924
2930
2931
2936
2938
2940
2942
2948
2951
2953
2954
2955
2957
2958
2961
2962
2963
2964
2968
2970
2971
2972
2973
2978
2982
2983
2984
2985
2986
2987
2988
2989
2992
2994
2996
2997
3002
3003
3005
3007
3009
3011
3012
3014
3015
3017
3022
3023
3025
3027
3029
3034
3035
3039
3042
3043
3045
3046
3049
3050
3055
3063
3069
3071
3072
3073
3074
3076
3077
3079
3080
3082
3083
3084
3085
3086
3087
3088
3092
3093
3095
3097
3098
3099
3100
3103
3104
3105
3106
3107
3112
3113
3114
3116
3117
3119
3121
3122
3123
3124
3129
3131
3133
3134
3135
3136
3137
3138
3139
3140
3142
3143
3145
3146
3147
3148
3149
3151
3153
3155
3158
3160
3163
3166
3169
3170
3171
3172
3174
3176
3178
3180
3182
3184
3185
3189
3191
3195
3197
3199
3203
3204
3206
3208
3211
3213
3215
3216
3218
3220
3221
3223
3227
3228
3229
3230
3232
3236
3238
3241
3243
3245
3246
3248
3250
3251
3252
3254
3258
3259
3260
3261
3262
3264
3266
3267
3268
3269
3270
3273
3274
3275
3277
3278
3279
3280
3281
3283
3284
3290
3294
3295
3296
3299
3300
3301
3302
3305
3306
3307
3312
3314
3315
3316
3317
3318
3319
3322
3323
3326
3327
3328
3333
3334
3335
3336
3337
3338
3342
3347
3350
3354
3355
3356
3357
3358
3359
3362
3363
3366
3371
3373
3374
3378
3383
3387
3393
3395
3397
3398
3399
3400
3401
3402
3403
3405
3409
3411
3412
3415
3419
3424
3425
3427
3431
3438
3441
3442
3443
3445
3446
3450
3454
3455
3463
3464
3465
3466
3467
3469
3470
3471
3473
3474
3477
3481
3482
3483
3485
3486
3488
3490
3491
3492
3496
3498
3501
3503
3506
3508
3510
3511
3512
3513
3517
3518
3519
3520
3523
3524
3525
3526
3548
3549
3550
3551
3552
3555
3556
3558
3559
3561
3564
3566
3567
3568
3570
3572
3573
3574
3575
3579
3581
3582
3584
3586
3592
3593
3594
3597
3600
3605
3606
3607
3611
3612
3613
3614
3616
3617
3618
3619
3627
3628
3629
3636
3639
3641
3642
3643
3645
3646
3648
3649
3651
3653
3654
3655
3656
3657
3663
3664
3673
3674
3676
3677
3679
3682
3683
3685
3687
3689
3692
3694
3695
3696
3700
3701
3702
3705
3707
3709
3715
3717
3718
3720
3721
3725
3728
3730
3731
3732
3736
3738
3740
3741
3745
3747
3749
3750
3752
3753
3755
3758
3760
3761
3762
3763
3764
3765
3769
3770
3772
3773
3774
3775
3776
3777
3778
3779
3782
3783
3785
3787
3788
3789
3790
3792
3793
3794
3795
3796
3797
3802
3804
3805
3806
3807
3809
3811
3817
3820
3821
3822
3824
3829
3831
3832
3833
3837
3838
3839
3842
3843
3845
3846
3847
3849
3850
3853
3854
3856
3860
3862
3863
3864
3866
3867
3868
3869
3871
3873
3874
3876
3878
3879
3882
3883
3884
3885
3888
3889
3890
3891
3893
3895
3896
3897
3898
3899
3900
3901
3903
3904
3905
3908
3909
3910
3912
3913
3914
3915
3917
3922
3923
3924
3926
3927
3928
3933
3936
3937
3940
3941
3942
3943
3947
3948
3950
3951
3952
3954
3955
3958
3960
3961
3963
3964
3967
3968
3969
3970
3974
3975
3976
3977
3979
3980
3981
3983
3985
3987
3989
3992
3994
3997
3998
4000
4002
4005
4006
4010
4011
4013
4014
4016
4017
4018
4019
4020
4021
4022
4023
4026
4027
4028
4029
4033
4036
4039
4044
4045
4046
4048
4049
4052
4053
4055
4060
4065
4066
4072
4074
4076
4077
4078
4079
4080
4083
4085
4087
4088
4089
4092
4094
4095
4097
4098
4100
4101
4103
4104
4105
4106
4108
4109
4110
4115
4119
4120
4121
4124
4125
4126
4127
4128
4130
4131
4133
4134
4140
4143
4144
4146
4147
4150
4154
4155
4156
4160
4161
4162
4164
4167
4168
4169
4170
4174
4180
4181
4182
4189
4194
4195
4197
4201
4202
4203
4204
4206
4209
4210
4213
4216
4219
4231
4232
4234
4235
4237
4240
4244
4245
4246
4247
4248
4249
4250
4251
4255
4256
4257
4260
4262
4264
4267
4270
4279
4280
4281
4286
4287
4288
4289
4290
4291
4292
4296
4297
4301
4303
4304
4305
4306
4308
4311
4312
4314
4315
4316
4317
4318
4319
4320
4321
4322
4324
4325
4329
4330
4332
4336
4337
4338
4342
4344
4345
4347
4349
4350
4352
4353
4361
4363
4364
4365
4366
4367
4370
4371
4379
4383
4384
4387
4389
4390
4391
4393
4395
4398
4399
4404
4405
4407
4408
4410
4412
4413
4415
4416
4418
4419
4420
4421
4425
4427
4433
4435
4437
4439
4441
4444
4445
4450
4451
4456
4457
4458
4462
4464
4465
4467
4471
4472
4473
4475
4478
4480
4481
4484
4485
4487
4489
4490
4491
4494
4495
4498
4499
4502
4506
4507
4508
4510
4511
4512
4514
4518
4519
4523
4525
4527
4531
4534
4536
4537
4539
4540
4542
4544
4546
4549
4552
4553
4554
4556
4557
4558
4560
4565
4566
4568
4570
4571
4573
4576
4577
4583
4586
4587
4590
4594
4595
4596
4600
4601
4609
4610
4611
4614
4616
4617
4619
4621
4624
4627
4628
4629
4634
4638
4639
4640
4641
4644
4645
4646
4648
4650
4651
4652
4654
4655
4665
4666
4667
4671
4673
4675
4678
4679
4682
4683
4686
4687
4693
4694
4698
4699
4700
4702
4703
4708
4709
4711
4712
4714
4715
4716
4717
4720
4721
4723
4724
4727
4732
4735
4737
4739
4740
4742
4743
4752
4754
4755
4756
4760
4762
4763
4764
4765
4766
4769
4770
4771
4772
4774
4777
4780
4782
4783
4784
4785
4788
4790
4793
4797
4800
4801
4805
4807
4810
4811
4812
4813
4815
4817
4819
4821
4822
4823
4824
4826
4830
4834
4835
4840
4841
4844
4845
4848
4849
4853
4854
4855
4857
4861
4862
4863
4865
4866
4868
4870
4871
4872
4873
4874
4875
4876
4877
4878
4881
4884
4886
4889
4894
4898
4899
4901
4902
4903
4904
4906
4908
4909
4910
4911
4913
4914
4919
4921
4925
4926
4927
4928
4929
4931
4934
4935
4936
4937
4940
4944
4946
4949
4950
4955
4956
4958
4959
4961
4962
4964
4965
4966
4969
4970
4971
4972
4973
4974
4975
4977
4981
4982
4984
4986
4987
4989
4990
4991
4992
4994
4997
4999
5002
5008
5009
5011
5012
5013
5014
5016
5019
5023
5024
5026
5027
5028
5031
5034
5035
5036
5040
5045
5048
5052
5053
5055
5056
5059
5061
5062
5063
5064
5065
5069
5070
5072
5076
5080
5081
5082
5083
5084
5085
5086
5087
5089
5091
5099
5101
5102
5103
5105
5106
5107
5108
5109
5116
5117
5118
5120
5123
5130
5133
5135
5136
5139
5141
5142
5146
5147
5149
5150
5151
5152
5153
5154
5157
5160
5163
5164
5165
5166
5168
5170
5172
5174
5176
5177
5178
5179
5180
5182
5184
5186
5188
5189
5191
5193
5194
5195
5196
5198
5200
5206
5216
5218
5219
5224
5225
5228
5229
5230
5232
5236
5237
5241
5242
5244
5245
5247
5249
5252
5254
5256
5257
5263
5265
5266
5267
5268
5272
5276
5282
5284
5285
5287
5293
5294
5296
5298
5302
5305
5306
5307
5309
5310
5311
5313
5316
5318
5319
5321
5322
5323
5324
5326
5329
5330
5331
5338
5339
5340
5343
5344
5345
5350
5351
5354
5357
5360
5362
5363
5365
5368
5370
5371
5372
5374
5376
5378
5379
5380
5381
5383
5384
5386
5389
5390
5391
5392
5394
5395
5396
5398
5400
5403
5409
5412
5413
5414
5418
5423
5424
5426
5428
5429
5430
5432
5433
5435
5439
5442
5443
5444
5446
5447
5451
5452
5453
5454
5456
5457
5459
5460
5462
5463
5465
5466
5467
5468
5470
5471
5474
5478
5482
5484
5486
5491
5492
5499
5501
5502
5504
5505
5510
5512
5514
5515
5517
5518
5523
5525
5526
5531
5532
5534
5535
5537
5539
5540
5543
5545
5553
5554
5555
5556
5558
5561
5562
5564
5568
5574
5575
5580
5581
5583
5585
5590
5591
5592
5593
5605
5606
5607
5608
5611
5613
5615
5616
5618
5619
5621
5623
5624
5625
5626
5627
5628
5630
5631
5634
5635
5636
5637
5638
5639
5640
5642
5651
5654
5657
5658
5659
5661
5664
5665
5667
5669
5670
5674
5679
5684
5686
5688
5689
5690
5691
5692
5697
5700
5701
5703
5704
5705
5706
5709
5712
5718
5719
5725
5726
5727
5729
5730
5734
5736
5737
5738
5741
5744
5745
5746
5747
5748
5749
5753
5755
5756
5758
5759
5760
5762
5763
5764
5767
5768
5769
5770
5771
5775
5780
5781
5782
5783
5786
5787
5788
5790
5791
5796
5797
5798
5803
5805
5806
5808
5809
5810
5813
5814
5817
5819
5820
5823
5824
5827
5828
5830
5833
5835
5839
5842
5846
5847
5853
5854
5856
5858
5859
5860
5861
5863
5864
5865
5866
5867
5869
5870
5873
5874
5875
5877
5878
5879
5882
5885
5890
5893
5895
5898
5899
5900
5904
5913
5916
5923
5928
5929
5931
5932
5933
5934
5936
5938
5940
5941
5943
5946
5947
5948
5949
5951
5952
5954
5955
5956
5958
5959
5962
5963
5966
5967
5969
5970
5975
5978
5979
5980
5982
5983
5984
5985
5986
5990
5993
5995
5998
6005
6011
6015
6016
6018
6020
6022
6024
6025
6027
6028
6029
6030
6033
6036
6038
6039
6042
6045
6048
6049
6052
6054
6055
6056
6059
6061
6063
6068
6070
6072
6073
6075
6077
6078
6080
6082
6083
6084
6085
6086
6087
6088
6091
6092
6093
6094
6095
6098
6100
6103
6108
6109
6111
6112
6114
6115
6118
6119
6121
6122
6126
6127
6128
6130
6131
6132
6133
6134
6135
6137
6141
6146
6148
6149
6153
6156
6159
6161
6163
6167
6170
6171
6172
6173
6175
6176
6177
6181
6182
6183
6184
6185
6186
6187
6188
6189
6191
6192
6195
6198
6199
6201
6202
6204
6205
6209
6216
6217
6222
6224
6225
6228
6230
6233
6234
6236
6239
6242
6244
6245
6246
6247
6249
6250
6255
6257
6258
6259
6262
6264
6271
6272
6275
6276
6281
6282
6283
6284
6285
6288
6290
6291
6292
6294
6295
6300
6301
6302
6304
6305
6308
6309
6310
6311
6312
6315
6316
6317
6323
6324
6326
6327
6328
6329
6332
6333
6334
6335
6337
6338
6339
6341
6342
6343
6344
6345
6351
6354
6355
6356
6357
6358
6359
6361
6362
6366
6367
6374
6375
6379
6381
6383
6385
6387
6389
6390
6391
6394
6395
6396
6398
6399
6400
6402
6406
6408
6410
6414
6415
6418
6420
6421
6425
6426
6428
6431
6432
6433
6434
6439
6441
6442
6445
6446
6448
6449
6453
6455
6458
6459
6460
6462
6464
6466
6467
6468
6470
6474
6475
6477
6480
6483
6486
6487
6489
6491
6492
6493
6494
6495
6497
6498
6500
6502
6504
6505
6506
6508
6509
6510
6511
6513
6514
6522
6525
6527
6528
6529
6530
6531
6532
6536
6537
6539
6540
6541
6542
6544
6545
6547
6549
6550
6551
6554
6556
6557
6559
6560
6561
6562
6568
6570
6574
6576
6578
6579
6580
6581
6582
6583
6584
6586
6587
6588
6589
6593
6595
6596
6600
6602
6605
6606
6607
6608
6611
6614
6615
6616
6620
6622
6623
6625
6629
6631
6633
6642
6646
6648
6650
6653
6655
6657
6660
6662
6663
6664
6665
6667
6668
6669
6671
6673
6674
6678
6684
6686
6690
6691
6692
6694
6697
6698
6700
6702
6705
6706
6707
6708
6711
6715
6719
6722
6724
6727
6730
6732
6733
6735
6736
6739
6740
6741
6743
6744
6746
6748
6749
6753
6754
6756
6758
6759
6761
6762
6763
6765
6766
6767
6768
6769
6772
6773
6774
6775
6776
6778
6779
6780
6781
6783
6785
6786
6788
6790
6791
6792
6793
6795
6796
6797
6798
6803
6804
6806
6809
6813
6815
6818
6820
6821
6823
6825
6831
6832
6835
6846
6848
6850
6851
6854
6855
6858
6859
6862
6864
6865
6866
6868
6869
6871
6873
6876
6877
6880
6884
6885
6889
6891
6892
6893
6894
6895
6896
6899
6901
6903
6904
6907
6909
6910
6911
6912
6913
6914
6915
6917
6920
6922
6923
6925
6926
6927
6931
6932
6934
6935
6936
6939
6941
6943
6944
6945
6950
6954
6955
6959
6961
6963
6965
6966
6967
6968
6969
6970
6973
6977
6978
6980
6981
6983
6984
6985
6987
6988
6990
6991
6992
6993
6994
6996
6999
7000
7001
7003
7004
7005
7007
7010
7014
7017
7020
7021
7027
7028
7029
7030
7033
7034
7035
7038
7040
7041
7042
7043
7045
7046
7049
7050
7051
7054
7055
7056
7061
7065
7066
7067
7068
7069
7075
7081
7082
7083
7084
7086
7090
7094
7097
7099
7101
7104
7105
7106
7108
7110
7111
7112
7113
7114
7115
7116
7118
7120
7123
7125
7126
7128
7130
7131
7132
7139
7141
7142
7148
7149
7150
7151
7153
7155
7158
7164
7166
7167
7170
7172
7173
7174
7175
7176
7177
7178
7179
7180
7183
7185
7187
7189
7192
7194
7195
7197
7198
7200
7201
7202
7204
7207
7209
7213
7217
7219
7220
7221
7223
7224
7228
7230
7233
7235
7236
7237
7238
7239
7240
7242
7243
7246
7247
7249
7250
7252
7254
7258
7259
7262
7264
7265
7266
7268
7270
7272
7273
7277
7281
7282
7283
7284
7288
7292
7297
7300
7301
7303
7305
7306
7312
7313
7314
7315
7317
7318
7320
7322
7323
7324
7325
7326
7328
7330
7331
7333
7337
7338
7340
7341
7343
7344
7346
7347
7349
7350
7351
7353
7354
7357
7359
7360
7365
7367
7370
7372
7374
7375
7376
7378
7379
7383
7385
7387
7395
7397
7398
7399
7400
7401
7402
7403
7406
7407
7408
7409
7416
7417
7421
7422
7423
7427
7429
7434
7435
7436
7437
7440
7441
7443
7445
7446
7447
7449
7450
7451
7455
7457
7458
7459
7461
7463
7464
7465
7466
7474
7476
7482
7483
7485
7489
7490
7491
7493
7499
7500
7501
7507
7510
7514
7515
7516
7517
7518
7520
7522
7524
7527
7530
7531
7534
7535
7537
7538
7543
7544
7546
7547
7550
7552
7553
7554
7555
7556
7557
7560
7563
7565
7566
7567
7571
7579
7582
7586
7588
7590
7591
7592
7595
7596
7598
7599
7601
7602
7603
7604
7606
7607
7609
7614
7617
7618
7622
7624
7625
7628
7629
7630
7633
7635
7636
7643
7644
7649
7651
7652
7653
7660
7661
7665
7668
7669
7672
7673
7676
7678
7681
7682
7684
7685
7686
7689
7690
7691
7693
7694
7695
7696
7697
7698
7701
7702
7703
7705
7706
7712
7713
7717
7719
7720
7721
7723
7725
7726
7728
7734
7736
7738
7740
7741
7743
7745
7747
7748
7751
7753
7754
7756
7757
7758
7759
7760
7763
7765
7770
7771
7773
7776
7777
7779
7780
7781
7784
7786
7787
7788
7789
7791
7792
7793
7796
7798
7799
7800
7804
7805
7808
7811
7813
7814
7815
7816
7818
7819
7820
7822
7823
7824
7825
7827
7829
7832
7838
7839
7842
7845
7849
7850
7852
7853
7857
7858
7860
7864
7865
7868
7869
7872
7873
7874
7875
7876
7878
7879
7880
7882
7883
7884
7887
7888
7889
7890
7891
7892
7904
7908
7910
7912
7913
7915
7916
7919
7920
7923
7925
7926
7927
7928
7929
7930
7931
7932
7933
7934
7938
7939
7941
7943
7944
7945
7952
7953
7954
7955
7957
7959
7960
7961
7963
7968
7971
7974
7978
7979
7980
7982
7985
7986
7987
7988
7989
8001
8006
8007
8011
8017
8020
8025
8026
8027
8028
8029
8030
8032
8033
8035
8036
8037
8038
8039
8040
8041
8042
8043
8044
8046
8047
8048
8051
8053
8055
8057
8058
8059
8060
8061
8064
8065
8066
8069
8070
8075
8076
8078
8080
8084
8085
8086
8087
8089
8091
8092
8099
8100
8102
8107
8116
8120
8122
8124
8125
8127
8128
8129
8131
8135
8136
8142
8144
8150
8154
8155
8158
8161
8164
8165
8167
8168
8169
8171
8172
8175
8179
8180
8182
8183
8185
8186
8187
8192
8194
8195
8198
8199
8201
8202
8204
8207
8211
8212
8214
8215
8216
8217
8218
8226
8228
8229
8233
8235
8236
8240
8247
8253
8255
8259
8260
8261
8262
8263
8265
8269
8270
8271
8273
8274
8275
8276
8277
8278
8281
8286
8287
8288
8290
8291
8292
8297
8298
8299
8300
8302
8304
8308
8310
8311
8314
8315
8317
8318
8319
8321
8326
8328
8333
8334
8335
8337
8338
8340
8342
8343
8344
8347
8348
8351
8355
8356
8357
8361
8362
8363
8364
8365
8367
8370
8371
8374
8375
8377
8379
8381
8383
8384
8385
8386
8387
8389
8390
8391
8394
8395
8396
8398
8403
8404
8408
8409
8411
8412
8413
8415
8418
8419
8421
8422
8423
8424
8425
8426
8427
8429
8430
8431
8433
8434
8436
8437
8438
8440
8441
8442
8445
8446
8447
8451
8453
8455
8456
8457
8459
8460
8461
8463
8466
8467
8469
8471
8472
8473
8474
8476
8478
8480
8481
8482
8483
8484
8485
8487
8488
8490
8491
8493
8495
8496
8498
8500
8502
8503
8506
8507
8513
8514
8515
8517
8522
8523
8524
8529
8534
8535
8538
8539
8540
8541
8545
8547
8548
8549
8550
8551
8552
8553
8554
8555
8556
8559
8560
8564
8565
8568
8570
8571
8573
8574
8577
8579
8580
8582
8587
8588
8591
8592
8593
8595
8597
8598
8600
8601
8604
8605
8606
8607
8608
8610
8611
8613
8614
8615
8618
8619
8622
8624
8626
8630
8632
8633
8635
8638
8639
8640
8641
8642
8645
8647
8650
8654
8655
8656
8659
8661
8663
8665
8668
8669
8670
8671
8672
8673
8674
8678
8684
8685
8688
8691
8693
8694
8698
8699
8700
8703
8705
8707
8708
8710
8714
8717
8719
8720
8723
8724
8727
8728
8729
8730
8731
8734
8736
8738
8739
8740
8741
8747
8749
8755
8756
8759
8762
8765
8766
8768
8769
8771
8772
8773
8774
8775
8777
8784
8787
8788
8790
8791
8792
8794
8795
8797
8802
8803
8805
8807
8808
8810
8811
8813
8816
8818
8819
8824
8828
8829
8830
8831
8833
8834
8835
8836
8838
8841
8842
8843
8844
8846
8847
8849
8851
8852
8853
8854
8855
8856
8857
8859
8860
8866
8867
8874
8875
8876
8878
8881
8885
8889
8894
8896
8897
8898
8901
8902
8903
8904
8906
8907
8909
8910
8912
8913
8915
8917
8918
8921
8922
8924
8926
8929
8930
8931
8932
8933
8937
8939
8941
8944
8946
8947
8948
8949
8950
8954
8955
8957
8958
8959
8961
8963
8964
8967
8968
8969
8973
8974
8976
8979
8981
8982
8983
8989
9001
9003
9004
9008
9009
9010
9013
9014
9015
9016
9020
9022
9025
9027
9032
9035
9038
9040
9041
9046
9047
9048
9049
9051
9052
9055
9056
9058
9059
9060
9061
9065
9068
9069
9073
9075
9077
9078
9079
9080
9081
9082
9084
9085
9087
9088
9089
9090
9092
9094
9095
9096
9097
9100
9102
9103
9104
9106
9107
9109
9112
9117
9122
9124
9125
9126
9127
9128
9129
9131
9133
9136
9139
9142
9144
9146
9147
9149
9153
9155
9157
9159
9160
9162
9163
9165
9166
9167
9171
9174
9175
9176
9177
9178
9182
9190
9194
9198
9201
9202
9203
9206
9208
9210
9211
9212
9214
9218
9220
9224
9225
9226
9227
9231
9235
9238
9241
9243
9244
9247
9249
9250
9254
9257
9259
9261
9262
9263
9264
9271
9274
9275
9276
9278
9279
9281
9283
9284
9285
9286
9290
9291
9296
9300
9301
9305
9306
9307
9308
9309
9310
9311
9312
9313
9315
9318
9321
9322
9323
9326
9330
9331
9333
9335
9338
9339
9342
9343
9345
9348
9349
9350
9351
9353
9354
9355
9358
9359
9361
9365
9367
9368
9369
9373
9375
9376
9377
9379
9382
9383
9385
9386
9389
9390
9393
9396
9398
9399
9400
9404
9408
9410
9416
9417
9423
9426
9427
9429
9430
9431
9432
9435
9436
9438
9440
9441
9442
9447
9449
9453
9457
9460
9462
9464
9467
9471
9475
9476
9477
9478
9479
9481
9485
9486
9488
9489
9490
9491
9492
9495
9496
9499
9503
9505
9514
9515
9521
9522
9523
9524
9525
9527
9534
9536
9538
9542
9543
9544
9546
9547
9548
9550
9551
9552
9553
9555
9556
9557
9558
9560
9562
9565
9567
9570
9572
9573
9574
9576
9580
9581
9585
9586
9587
9588
9589
9592
9594
9595
9596
9599
9601
9605
9611
9615
9617
9620
9622
9624
9625
9628
9631
9633
9634
9635
9637
9638
9639
9640
9641
9643
9644
9647
9648
9650
9652
9655
9656
9658
9659
9660
9663
9665
9666
9667
9671
9675
9677
9678
9681
9682
9685
9688
9689
9690
9691
9692
9693
9695
9698
9701
9702
9703
9704
9705
9706
9709
9711
9714
9715
9716
9718
9719
9721
9722
9726
9730
9731
9732
9733
9738
9739
9741
9743
9744
9753
9754
9755
9758
9759
9760
9761
9762
9763
9766
9767
9772
9774
9776
9777
9778
9784
9785
9786
9790
9791
9792
9798
9799
9800
9801
9802
9808
9809
9812
9818
9819
9820
9822
9823
9824
9826
9830
9831
9833
9834
9835
9842
9843
9845
9847
9849
9852
9853
9854
9855
9860
9861
9864
9866
9867
9868
9869
9870
9872
9874
9875
9877
9879
9880
9884
9885
9886
9889
9891
9894
9896
9902
9903
9905
9907
9908
9909
9913
9916
9920
9921
9922
9927
9928
9929
9932
9933
9936
9937
9938
9941
9942
9947
9948
9950
9951
9952
9955
9958
9960
9962
9965
9966
9967
9972
9973
9979
9984
9987
9989
9990
9991
9995
10002
10003
10004
10006
10009
10012
10014
10015
10016
10017
10018
10020
10022
10023
10029
10030
10032
10034
10035
10037
10038
10039
10041
10043
10044
10048
10050
10051
10054
10057
10058
10059
10060
10062
10064
10065
10066
10067
10069
10070
10071
10073
10074
10075
10076
10078
10082
10083
10085
10088
10090
10092
10093
10094
10095
10097
10100
10102
10104
10108
10109
10115
10116
10117
10120
10123
10124
10125
10130
10131
10132
10133
10138
10139
10140
10142
10143
10144
10145
10148
10149
10150
10151
10152
10153
10155
10159
10160
10161
10163
10169
10170
10174
10175
10176
10179
10186
10188
10189
10192
10194
10195
10197
10198
10199
10204
10205
10207
10208
10212
10213
10214
10215
10216
10217
10218
10219
10220
10223
10224
10225
10226
10227
10232
10234
10238
10239
10242
10243
10244
10245
10248
10251
10258
10260
10262
10265
10266
10267
10269
10272
10273
10274
10276
10281
10282
10286
10287
10290
10291
10294
10296
10299
10301
10303
10305
10308
10309
10310
10311
10312
10314
10315
10316
10317
10318
10319
10320
10321
10323
10325
10326
10327
10328
10330
10331
10332
10335
10337
10338
10341
10343
10346
10347
10349
10350
10351
10352
10355
10356
10357
10362
10365
10368
10369
10375
10376
10377
10378
10379
10380
10382
10383
10389
10392
10393
10396
10398
10400
10401
10404
10406
10407
10412
10413
10414
10415
10417
10419
10421
10424
10427
10428
10429
10430
10432
10438
10439
10440
10446
10447
10449
10450
10452
10453
10454
10455
10458
10460
10463
10466
10471
10473
10475
10476
10477
10478
10480
10481
10483
10485
10487
10488
10490
10492
10493
10494
10495
10496
10500
10501
10503
10505
10506
10507
10509
10515
10516
10517
10518
10519
10522
10525
10528
10533
10534
10535
10538
10540
10541
10544
10545
10546
10547
10548
10551
10558
10560
10563
10564
10565
10566
10567
10568
10570
10571
10572
10573
10574
10576
10577
10578
10579
10580
10581
10582
10583
10584
10585
10590
10593
10598
10599
10601
10602
10604
10609
10614
10615
10616
10617
10620
10622
10624
10625
10626
10628
10631
10632
10633
10637
10641
10643
10644
10645
10647
10648
10652
10653
10655
10656
10658
10661
10663
10665
10666
10667
10669
10671
10672
10673
10674
10675
10676
10677
10678
10679
10680
10681
10683
10688
10690
10692
10699
10701
10702
10703
10704
10706
10711
10712
10715
10716
10719
10722
10724
10725
10726
10729
10730
10733
10734
10735
10736
10740
10741
10742
10744
10745
10748
10749
10750
10752
10755
10757
10758
10760
10761
10762
10763
10769
10772
10773
10774
10775
10776
10777
10779
10780
10781
10782
10783
10786
10789
10790
10793
10795
10796
10798
10799
10800
10803
10804
10806
10809
10810
10812
10816
10817
10818
10821
10822
10823
10826
10827
10828
10830
10831
10832
10833
10839
10840
10841
10844
10846
10847
10848
10850
10851
10853
10856
10861
10862
10865
10869
10870
10871
10875
10876
10880
10882
10883
10885
10890
10891
10892
10894
10895
10896
10898
10900
10901
10903
10907
10909
10911
10914
10918
10920
10922
10923
10924
10925
10926
10928
10932
10934
10935
10936
10937
10939
10940
10941
10943
10945
10948
10949
10950
10955
10956
10958
10962
10963
10965
10966
10967
10969
10971
10972
10973
10975
10978
10979
10980
10982
10983
10984
10985
10986
10988
10991
10992
10993
10994
10995
10997
10998
11000
11001
11002
11003
11006
11011
11012
11015
11016
11017
11018
11019
11023
11026
11028
11030
11035
11037
11038
11040
11042
11043
11044
11045
11047
11050
11054
11057
11059
11061
11070
11071
11072
11074
11075
11077
11080
11082
11083
11084
11085
11086
11088
11095
11096
11097
11098
11100
11102
11110
11111
11112
11115
11116
11118
11120
11121
11122
11123
11124
11125
11126
11129
11131
11132
11140
11143
11145
11146
11149
11152
11154
11156
11157
11159
11162
11163
11165
11166
11167
11174
11177
11181
11183
11184
11188
11191
11194
11197
11199
11200
11201
11204
11205
11206
11212
11214
11215
11217
11219
11221
11222
11224
11225
11231
11232
11233
11236
11237
11238
11244
11246
11248
11249
11252
11253
11255
11258
11259
11260
11264
11266
11268
11269
11275
11277
11278
11281
11284
11286
11295
11299
11300
11302
11303
11304
11307
11308
11309
11310
11312
11315
11317
11322
11327
11328
11329
11330
11331
11333
11335
11338
11340
11344
11346
11347
11349
11351
11354
11355
11357
11359
11360
11361
11364
11365
11366
11367
11370
11373
11378
11381
11383
11385
11386
11387
11389
11390
11391
11396
11400
11401
11402
11403
11405
11406
11407
11408
11418
11420
11421
11424
11425
11428
11429
11431
11432
11433
11435
11437
11439
11442
11445
11446
11447
11448
11450
11451
11453
11455
11457
11459
11462
11463
11464
11466
11467
11469
11471
11473
11474
11475
11484
11485
11488
11489
11492
11493
11494
11497
11501
11504
11505
11507
11511
11514
11515
11516
11521
11522
11524
11525
11526
11527
11528
11529
11530
11532
11536
11537
11539
11541
11545
11547
11550
11551
11552
11554
11556
11557
11561
11566
11572
11573
11576
11578
11583
11584
11587
11591
11593
11594
11596
11597
11599
11602
11603
11604
11605
11606
11607
11609
11610
11611
11614
11617
11618
11620
11622
11624
11625
11626
11627
11629
11631
11632
11634
11635
11636
11637
11638
11639
11640
11641
11642
11644
11647
11650
11651
11652
11662
11663
11666
11667
11668
11669
11673
11675
11676
11678
11680
11681
11685
11687
11688
11689
11693
11694
11699
11702
11705
11708
11709
11713
11714
11716
11721
11722
11725
11726
11727
11733
11734
11735
11737
11738
11740
11741
11743
11746
11749
11750
11754
11760
11761
11762
11765
11766
11767
11768
11769
11770
11772
11773
11775
11777
11778
11780
11781
11783
11784
11787
11788
11790
11791
11792
11793
11794
11798
11799
11800
11802
11803
11806
11807
11808
11811
11812
11814
11815
11817
11818
11820
11821
11822
11823
11826
11827
11829
11831
11832
11836
11837
11838
11840
11844
11847
11848
11850
11852
11856
11857
11858
11860
11862
11863
11864
11867
11872
11873
11877
11878
11879
11883
11885
11886
11887
11888
11889
11892
11893
11894
11895
11897
11899
11903
11904
11905
11906
11909
11912
11913
11914
11915
11916
11919
11920
11923
11926
11928
11930
11933
11934
11936
11937
11938
11939
11940
11941
11944
11946
11947
11952
11953
11955
11957
11958
11959
11961
11962
11969
11972
11975
11977
11978
11980
11982
11983
11984
11989
11992
11995
11997
11998
12000
12001
12002
12003
12004
12006
12007
12009
12010
12012
12014
12015
12017
12019
12020
12021
12022
12023
12026
12027
12031
12032
12035
12036
12039
12040
12043
12044
12053
12055
12058
12059
12061
12062
12066
12067
12070
12072
12073
12075
12076
12078
12079
12081
12083
12084
12086
12089
12090
12091
12093
12094
12096
12098
12100
12102
12108
12109
12111
12112
12115
12116
12117
12119
12123
12125
12126
12127
12129
12131
12134
12135
12136
12138
12139
12140
12141
12145
12146
12147
12150
12153
12154
12155
12162
12163
12164
12168
12170
12173
12175
12178
12179
12183
12185
12186
12190
12191
12200
12201
12203
12205
12206
12207
12208
12209
12210
12211
12213
12217
12218
12220
12221
12222
12223
12224
12225
12226
12228
12229
12232
12233
12237
12240
12242
12244
12251
12252
12253
12254
12257
12261
12262
12264
12267
12269
12270
12271
12273
12274
12279
12281
12285
12286
12290
12291
12292
12293
12294
12302
12308
12310
12311
12312
12313
12314
12316
12319
12323
12324
12326
12327
12329
12330
12331
12333
12338
12339
12344
12345
12346
12347
12350
12353
12354
12355
12356
12357
12358
12362
12363
12364
12366
12367
12368
12369
12370
12374
12376
12378
12379
12380
12384
12385
12388
12389
12390
12393
12394
12395
12396
12398
12401
12403
12405
12413
12414
12421
12423
12424
12425
12427
12428
12430
12431
12437
12438
12440
12443
12446
12448
12450
12452
12455
12456
12462
12463
12464
12467
12468
12469
12471
12474
12475
12476
12477
12479
12484
12485
12486
12487
12488
12489
12492
12493
12497
12498
12499
12500
12503
12504
12506
12513
12515
12518
12520
12523
12525
12528
12529
12533
12535
12537
12539
12541
12542
12543
12546
12547
12548
12550
12553
12555
12557
12558
12562
12563
12564
12565
12566
12567
12568
12569
12570
12571
12572
12575
12579
12581
12583
12585
12586
12588
12590
12592
12595
12596
12601
12602
12605
12608
12610
12613
12614
12620
12623
12624
12625
12626
12628
12630
12631
12633
12635
12636
12637
12639
12640
12642
12643
12644
12646
12647
12651
12653
12661
12663
12664
12666
12667
12668
12671
12674
12676
12677
12678
12679
12684
12686
12688
12689
12690
12696
12698
12700
12702
12703
12704
12705
12707
12710
12711
12714
12715
12716
12721
12722
12724
12726
12728
12729
12731
12733
12734
12736
12737
12738
12744
12746
12747
12749
12750
12751
12753
12754
12755
12756
12757
12758
12759
12760
12761
12762
12764
12766
12770
12771
12772
12773
12775
12776
12777
12778
12779
12782
12785
12787
12789
12790
12794
12795
12797
12800
12801
12804
12806
12807
12808
12812
12813
12814
12817
12818
12819
12820
12821
12822
12823
12824
12828
12830
12831
12832
12833
12836
12843
12844
12845
12847
12849
12850
12852
12853
12854
12856
12859
12861
12863
12864
12865
12866
12867
12868
12869
12873
12874
12876
12877
12880
12882
12887
12888
12889
12891
12892
12894
12895
12900
12909
12910
12911
12912
12914
12916
12918
12924
12925
12929
12932
12933
12934
12935
12939
12940
12942
12944
12946
12947
12949
12952
12954
12958
12960
12964
12967
12969
12970
12974
12980
12985
12988
12992
12993
12998
13000
13004
13008
13012
13015
13021
13022
13023
13026
13027
13028
13034
13036
13037
13039
13042
13045
13046
13048
13049
13051
13052
13053
13054
13055
13057
13058
13061
13063
13064
13065
13068
13070
13074
13075
13076
13077
13079
13081
13086
13091
13092
13093
13094
13095
13098
13099
13104
13106
13110
13115
13117
13118
13120
13123
13124
13125
13127
13128
13129
13130
13131
13135
13137
13139
13140
13142
13144
13145
13146
13147
13149
13151
13155
13157
13158
13160
13164
13166
13167
13171
13173
13174
13176
13177
13178
13179
13180
13181
13182
13185
13187
13188
13189
13192
13194
13195
13197
13205
13207
13208
13209
13211
13212
13214
13220
13221
13222
13228
13230
13231
13234
13235
13236
13238
13240
13243
13244
13245
13247
13251
13252
13254
13258
13259
13260
13263
13264
13265
13268
13270
13274
13277
13279
13288
13290
13292
13293
13294
13295
13298
13304
13307
13312
13314
13315
13316
13317
13318
13321
13331
13336
13339
13342
13344
13345
13346
13351
13353
13354
13356
13357
13358
13359
13361
13362
13363
13365
13367
13368
13371
13372
13375
13378
13380
13381
13386
13387
13392
13394
13395
13397
13398
13400
13401
13402
13404
13405
13406
13407
13409
13410
13411
13412
13415
13416
13417
13418
13422
13425
13426
13427
13430
13432
13433
13434
13436
13437
13438
13439
13441
13443
13445
13449
13452
13457
13458
13461
13465
13467
13468
13477
13478
13479
13480
13481
13483
13484
13487
13490
13494
13497
13498
13500
13501
13503
13504
13505
13506
13507
13508
13509
13511
13515
13516
13518
13519
13520
13523
13524
13526
13528
13532
13533
13536
13539
13541
13542
13543
13546
13547
13548
13550
13553
13556
13557
13558
13559
13560
13569
13570
13573
13574
13575
13576
13577
13585
13586
13587
13590
13591
13592
13593
13594
13595
13596
13598
13599
13602
13604
13608
13609
13610
13611
13612
13614
13615
13617
13618
13621
13622
13630
13633
13635
13637
13638
13641
13645
13646
13647
13648
13653
13654
13655
13657
13658
13663
13664
13665
13666
13667
13668
13669
13671
13675
13676
13682
13683
13684
13685
13686
13688
13689
13690
13694
13697
13698
13700
13701
13704
13705
13706
13707
13708
13710
13711
13713
13718
13719
13721
13723
13724
13727
13731
13733
13736
13737
13738
13739
13742
13743
13744
13745
13746
13747
13749
13753
13754
13755
13764
13767
13769
13774
13776
13778
13781
13783
13785
13789
13790
13791
13793
13794
13795
13798
13801
13807
13808
13810
13811
13813
13814
13818
13819
13822
13825
13827
13828
13835
13837
13838
13839
13840
13844
13847
13850
13852
13857
13860
13863
13864
13865
13866
13872
13873
13876
13877
13878
13880
13884
13885
13888
13890
13891
13896
13897
13899
13901
13902
13904
13908
13911
13913
13916
13918
13923
13934
13936
13939
13940
13941
13942
13945
13946
13949
13951
13953
13954
13955
13957
13958
13960
13961
13963
13964
13965
13968
13970
13973
13976
13977
13978
13979
13981
13983
13984
13986
13988
13992
13997
13999
14000
14001
14002
14005
14008
14011
14014
14015
14018
14021
14022
14024
14025
14028
14030
14031
14033
14034
14035
14037
14038
14043
14045
14046
14047
14048
14051
14052
14054
14060
14062
14065
14066
14068
14072
14075
14076
14077
14079
14080
14081
14084
14087
14088
14090
14091
14095
14099
14100
14101
14104
14105
14107
14108
14110
14111
14112
14114
14117
14118
14120
14121
14122
14126
14128
14132
14133
14134
14137
14139
14140
14142
14144
14146
14148
14149
14153
14156
14157
14159
14160
14162
14164
14166
14170
14173
14175
14177
14178
14182
14183
14185
14188
14189
14191
14193
14194
14196
14199
14201
14203
14206
14209
14210
14212
14214
14215
14217
14218
14221
14223
14224
14226
14227
14229
14230
14233
14234
14236
14237
14240
14241
14242
14248
14249
14251
14253
14255
14257
14260
14262
14270
14271
14274
14276
14279
14280
14283
14284
14285
14286
14287
14288
14290
14292
14297
14300
14301
14304
14306
14307
14308
14309
14310
14311
14312
14313
14316
14317
14323
14324
14325
14326
14327
14328
14331
14332
14334
14335
14336
14337
14338
14340
14341
14342
14344
14345
14346
14351
14352
14353
14355
14357
14358
14360
14361
14362
14363
14364
14366
14367
14368
14369
14371
14372
14374
14375
14377
14378
14380
14381
14386
14390
14391
14392
14398
14400
14401
14402
14405
14407
14408
14410
14411
14412
14413
14418
14419
14420
14422
14431
14435
14436
14437
14438
14440
14441
14445
14446
14448
14449
14450
14451
14453
14454
14455
14456
14458
14460
14463
14464
14468
14469
14474
14475
14476
14481
14482
14484
14485
14487
14488
14489
14490
14491
14492
14494
14497
14498
14499
14501
14502
14503
14504
14505
14507
14508
14509
14512
14514
14516
14520
14521
14523
14525
14526
14532
14534
14537
14539
14542
14543
14545
14547
14548
14549
14551
14554
14555
14556
14558
14562
14564
14566
14567
14568
14569
14571
14572
14573
14574
14575
14577
14580
14581
14584
14586
14587
14588
14589
14591
14592
14593
14594
14598
14600
14601
14602
14605
14606
14607
14609
14612
14613
14614
14615
14616
14617
14618
14621
14623
14624
14626
14627
14629
14630
14632
14637
14638
14639
14641
14642
14643
14644
14648
14650
14651
14652
14653
14655
14657
14658
14659
14662
14664
14666
14668
14670
14671
14673
14675
14679
14680
14681
14686
14689
14691
14692
14693
14695
14696
14699
14700
14702
14703
14704
14705
14706
14708
14709
14711
14712
14713
14715
14718
14720
14722
14723
14725
14727
14729
14730
14731
14733
14735
14736
14739
14740
14742
14743
14744
14745
14747
14751
14752
14755
14756
14757
14759
14761
14762
14763
14764
14765
14767
14771
14774
14775
14776
14778
14779
14781
14786
14790
14791
14792
14795
14797
14798
14801
14804
14806
14807
14808
14811
14815
14817
14818
14819
14822
14824
14830
14834
14835
14836
14838
14840
14841
14842
14845
14846
14847
14848
14849
14851
14852
14857
14860
14862
14868
14869
14870
14871
14872
14873
14874
14875
14876
14879
14881
14884
14885
14886
14887
14891
14895
14898
14899
14900
14901
14903
14904
14905
14906
14907
14908
14910
14911
14912
14913
14914
14917
14918
14919
14920
14921
14922
14923
14924
14926
14928
14929
14938
14939
14946
14947
14949
14950
14951
14953
14956
14957
14958
14959
14962
14964
14966
14967
14969
14972
14973
14974
14975
14977
14980
14982
14983
14985
14987
14988
14990
14991
14993
14997
14998
14999
15003
15005
15006
15007
15008
15009
15010
15013
15015
15018
15020
15026
15028
15032
15033
15035
15037
15041
15043
15047
15054
15058
15060
15063
15065
15066
15067
15068
15069
15070
15072
15073
15075
15076
15078
15083
15085
15086
15087
15090
15092
15094
15095
15097
15098
15099
15100
15101
15105
15106
15107
15109
15111
15112
15117
15124
15125
15126
15127
15129
15130
15131
15136
15141
15142
15144
15146
15149
15151
15153
15154
15155
15156
15157
15158
15159
15160
15161
15163
15166
15171
15173
15174
15176
15177
15185
15188
15191
15193
15194
15197
15198
15199
15204
15207
15212
15217
15218
15220
15222
15223
15224
15225
15226
15227
15228
15229
15232
15233
15235
15237
15240
15241
15242
15244
15245
15246
15248
15250
15253
15257
15258
15259
15261
15264
15266
15268
15269
15274
15278
15280
15283
15285
15290
15292
15293
15296
15298
15300
15302
15303
15304
15305
15308
15312
15313
15314
15320
15325
15326
15327
15329
15336
15338
15339
15343
15346
15348
15352
15353
15357
15358
15359
15362
15364
15366
15368
15369
15370
15371
15376
15377
15381
15387
15388
15390
15391
15392
15394
15395
15396
15398
15399
15401
15402
15403
15405
15407
15409
15410
15413
15415
15416
15417
15418
15421
15423
15424
15429
15431
15432
15434
15436
15437
15439
15440
15445
15446
15448
15449
15451
15452
15454
15458
15459
15461
15462
15463
15464
15465
15469
15470
15472
15473
15474
15475
15478
15480
15481
15483
15484
15486
15487
15491
15493
15494
15495
15496
15497
15498
15499
15500
15501
15502
15503
15504
15505
15510
15511
15520
15521
15523
15524
15525
15526
15527
15529
15534
15537
15538
15540
15541
15542
15545
15548
15549
15552
15554
15556
15557
15558
15559
15560
15561
15562
15564
15566
15567
15572
15574
15576
15577
15579
15584
15587
15588
15590
15591
15592
15593
15594
15595
15596
15598
15599
15601
15608
15609
15611
15613
15614
15615
15618
15623
15628
15629
15633
15636
15637
15640
15641
15642
15643
15644
15646
15648
15652
15653
15655
15659
15662
15663
15666
15668
15669
15675
15678
15679
15680
15681
15682
15684
15686
15687
15688
15689
15690
15691
15694
15695
15698
15699
15702
15704
15706
15710
15712
15713
15716
15717
15718
15720
15721
15724
15729
15730
15731
15733
15736
15737
15740
15742
15744
15745
15746
15747
15752
15753
15754
15755
15757
15758
15760
15761
15762
15763
15764
15767
15768
15769
15772
15773
15774
15775
15776
15781
15782
15783
15785
15786
15787
15789
15790
15791
15792
15793
15794
15795
15797
15798
15799
15801
15803
15804
15807
15808
15809
15810
15811
15813
15814
15817
15820
15821
15824
15827
15829
15833
15834
15837
15838
15840
15842
15843
15845
15846
15847
15848
15851
15852
15854
15856
15857
15861
15863
15865
15866
15867
15868
15870
15871
15872
15873
15874
15876
15879
15881
15882
15883
15885
15891
15894
15895
15896
15897
15900
15901
15903
15904
15905
15906
15907
15910
15911
15912
15915
15917
15920
15922
15923
15925
15928
15929
15931
15934
15936
15937
15939
15940
15942
15945
15948
15949
15951
15954
15956
15957
15958
15959
15961
15964
15967
15968
15969
15971
15976
15977
15978
15981
15987
15988
15989
15993
15996
15998
15999
16002
16004
16006
16007
16009
16012
16013
16014
16020
16021
16022
16026
16029
16030
16031
16033
16038
16043
16047
16048
16049
16050
16051
16052
16055
16060
16062
16063
16064
16065
16066
16067
16068
16069
16070
16072
16073
16074
16075
16076
16080
16081
16083
16084
16086
16087
16088
16089
16092
16099
16100
16102
16103
16104
16105
16107
16108
16109
16110
16111
16114
16115
16117
16118
16119
16120
16121
16122
16125
16126
16127
16128
16130
16132
16135
16137
16138
16140
16141
16143
16146
16149
16151
16153
16154
16156
16157
16158
16159
16161
16162
16163
16164
16165
16167
16171
16177
16179
16181
16182
16184
16185
16188
16190
16191
16194
16195
16196
16199
16200
16205
16206
16207
16214
16216
16220
16224
16225
16226
16227
16228
16230
16232
16233
16235
16236
16237
16238
16239
16241
16242
16245
16246
16247
16251
16252
16254
16258
16261
16263
16265
16266
16267
16272
16276
16278
16280
16282
16287
16290
16293
16295
16298
16299
16302
16303
16304
16306
16307
16309
16310
16311
16313
16317
16318
16321
16324
16328
16331
16333
16334
16336
16337
16338
16343
16345
16350
16352
16353
16354
16355
16356
16358
16361
16362
16363
16371
16374
16376
16378
16380
16383
16388
16389
16390
16391
16394
16395
16396
16398
16399
16400
16401
16402
16403
16404
16407
16410
16411
16412
16415
16419
16420
16421
16422
16423
16427
16428
16429
16434
16436
16437
16438
16439
16442
16443
16444
16446
16448
16449
16450
16451
16452
16463
16464
16466
16471
16473
16474
16475
16476
16478
16479
16481
16482
16483
16485
16489
16490
16492
16496
16501
16502
16503
16504
16507
16508
16509
16510
16516
16519
16520
16521
16522
16526
16527
16528
16529
16531
16532
16536
16537
16539
16540
16543
16545
16546
16549
16550
16552
16553
16557
16560
16561
16562
16563
16564
16568
16572
16577
16578
16583
16589
16590
16591
16592
16596
16598
16599
16600
16602
16603
16606
16607
16608
16609
16611
16616
16619
16620
16625
16627
16629
16630
16632
16633
16634
16638
16643
16645
16647
16649
16652
16655
16662
16663
16666
16669
16670
16673
16676
16679
16680
16681
16682
16684
16686
16687
16689
16690
16691
16693
16695
16697
16698
16699
16702
16704
16706
16707
16709
16710
16711
16712
16716
16717
16718
16719
16720
16721
16723
16727
16730
16732
16734
16739
16741
16742
16743
16744
16747
16751
16752
16753
16754
16757
16759
16763
16764
16765
16767
16768
16771
16772
16774
16777
16779
16780
16781
16783
16784
16786
16788
16791
16794
16795
16796
16797
16798
16799
16800
16801
16802
16806
16808
16809
16811
16814
16815
16817
16818
16822
16824
16825
16826
16827
16828
16829
16833
16834
16836
16837
16842
16845
16847
16850
16854
16855
16856
16858
16859
16861
16864
16865
16866
16871
16873
16876
16877
16882
16884
16886
16889
16893
16895
16896
16898
16902
16907
16909
16912
16915
16917
16919
16921
16925
16926
16928
16929
16931
16936
16937
16938
16939
16940
16941
16942
16945
16947
16948
16950
16951
16952
16953
16954
16955
16956
16958
16959
16960
16961
16962
16964
16965
16967
16976
16978
16988
16990
16992
16994
16995
16996
16997
16999
17000
17002
17003
17004
17006
17008
17013
17015
17021
17025
17028
17029
17030
17033
17034
17036
17038
17039
17040
17041
17045
17047
17049
17050
17052
17053
17054
17055
17058
17060
17061
17066
17068
17069
17071
17072
17073
17074
17077
17082
17083
17085
17086
17095
17099
17100
17102
17103
17105
17106
17107
17109
17110
17112
17114
17116
17118
17119
17120
17122
17129
17134
17136
17137
17138
17139
17140
17141
17144
17145
17148
17151
17152
17153
17154
17155
17156
17157
17158
17159
17161
17162
17163
17170
17173
17179
17180
17181
17182
17183
17185
17186
17187
17188
17192
17195
17198
17199
17200
17203
17205
17207
17214
17215
17216
17217
17218
17221
17223
17225
17233
17234
17236
17238
17239
17240
17241
17242
17243
17244
17246
17248
17250
17251
17254
17258
17259
17261
17262
17263
17264
17267
17269
17270
17272
17274
17275
17279
17280
17284
17285
17291
17292
17294
17295
17296
17297
17299
17300
17305
17307
17310
17312
17313
17317
17318
17320
17321
17323
17324
17327
17330
17335
17341
17343
17344
17346
17349
17350
17351
17352
17353
17354
17356
17359
17362
17363
17364
17365
17367
17368
17369
17371
17373
17375
17377
17380
17384
17385
17386
17388
17389
17390
17391
17396
17399
17400
17401
17402
17404
17405
17407
17413
17414
17416
17417
17419
17422
17427
17430
17432
17434
17435
17437
17439
17440
17443
17444
17446
17449
17450
17451
17453
17455
17456
17458
17459
17461
17466
17467
17469
17470
17478
17479
17487
17489
17492
17493
17495
17496
17500
17502
17503
17505
17506
17508
17509
17510
17511
17512
17515
17516
17517
17518
17520
17521
17522
17524
17525
17527
17532
17533
17536
17538
17540
17543
17544
17547
17548
17550
17552
17553
17560
17561
17563
17564
17566
17567
17568
17572
17574
17576
17579
17580
17581
17582
17583
17586
17588
17589
17590
17592
17593
17597
17600
17601
17605
17608
17609
17611
17613
17614
17615
17617
17621
17622
17627
17631
17633
17635
17638
17639
17640
17642
17643
17644
17646
17650
17653
17655
17656
17660
17661
17664
17665
17667
17669
17670
17671
17673
17675
17678
17679
17680
17681
17686
17688
17689
17690
17691
17693
17696
17701
17704
17706
17711
17712
17713
17718
17719
17720
17725
17728
17729
17730
17731
17733
17735
17736
17737
17738
17740
17743
17746
17747
17748
17749
17751
17753
17757
17759
17760
17764
17765
17766
17767
17768
17770
17771
17772
17773
17774
17777
17781
17782
17783
17784
17785
17786
17788
17791
17794
17796
17797
17800
17801
17808
17809
17810
17813
17815
17816
17819
17821
17822
17826
17829
17831
17833
17834
17835
17836
17838
17841
17845
17848
17849
17851
17853
17854
17857
17859
17860
17861
17862
17864
17865
17867
17868
17869
17871
17876
17877
17879
17880
17881
17882
17886
17888
17889
17892
17894
17895
17898
17899
17900
17901
17902
17903
17907
17911
17917
17918
17920
17922
17924
17925
17927
17928
17929
17930
17931
17932
17933
17934
17936
17939
17942
17943
17945
17946
17948
17949
17950
17951
17953
17954
17956
17960
17962
17964
17967
17969
17971
17972
17973
17975
17977
17978
17981
17982
17983
17985
17987
17989
17991
17992
17993
17994
17996
17997
17999
18004
18005
18006
18008
18010
18011
18012
18013
18015
18016
18018
18019
18021
18025
18028
18030
18031
18032
18033
18035
18036
18039
18040
18041
18047
18048
18050
18052
18055
18058
18059
18060
18064
18066
18068
18070
18071
18072
18077
18078
18079
18081
18082
18083
18085
18088
18089
18090
18091
18092
18094
18098
18101
18105
18108
18109
18110
18111
18113
18115
18117
18118
18121
18122
18125
18126
18127
18128
18129
18131
18133
18135
18137
18139
18146
18148
18151
18153
18154
18155
18157
18160
18161
18162
18164
18165
18166
18169
18170
18171
18173
18175
18177
18179
18180
18181
18183
18187
18188
18189
18190
18191
18192
18195
18197
18198
18199
18202
18205
18208
18209
18211
18215
18216
18217
18219
18220
18222
18223
18224
18225
18226
18227
18229
18230
18232
18237
18240
18241
18249
18250
18251
18253
18256
18257
18258
18260
18262
18265
18268
18269
18270
18271
18274
18277
18278
18279
18281
18288
18290
18294
18298
18299
18300
18301
18303
18305
18307
18308
18309
18311
18313
18317
18319
18320
18321
18323
18324
18326
18327
18329
18333
18337
18338
18340
18344
18345
18349
18351
18353
18355
18357
18361
18362
18365
18366
18367
18368
18369
18372
18376
18377
18379
18381
18382
18383
18385
18386
18387
18389
18392
18395
18396
18398
18400
18404
18410
18411
18412
18414
18416
18418
18421
18424
18426
18431
18432
18433
18434
18435
18437
18438
18440
18441
18443
18444
18448
18449
18450
18452
18453
18455
18456
18457
18458
18459
18461
18463
18466
18467
18470
18471
18473
18480
18481
18482
18485
18487
18488
18489
18490
18492
18495
18496
18497
18498
18499
18502
18507
18512
18513
18516
18517
18519
18520
18521
18524
18526
18528
18529
18531
18532
18534
18536
18537
18540
18541
18542
18543
18544
18545
18546
18548
18549
18552
18555
18558
18559
18562
18563
18565
18566
18569
18570
18571
18575
18584
18586
18587
18588
18589
18590
18591
18594
18596
18597
18598
18599
18600
18601
18603
18605
18606
18609
18610
18611
18612
18613
18616
18617
18621
18622
18628
18629
18632
18633
18634
18638
18639
18641
18642
18643
18644
18646
18649
18652
18653
18656
18657
18658
18659
18660
18661
18664
18665
18667
18670
18672
18673
18674
18675
18677
18678
18679
18680
18683
18684
18685
18689
18690
18691
18692
18697
18698
18700
18701
18702
18706
18709
18710
18711
18716
18717
18720
18721
18722
18724
18725
18726
18729
18730
18731
18734
18736
18737
18738
18740
18741
18743
18744
18746
18747
18748
18751
18752
18753
18755
18757
18759
18761
18762
18764
18769
18772
18773
18775
18777
18780
18781
18782
18786
18787
18789
18790
18792
18797
18799
18800
18809
18811
18813
18815
18816
18819
18820
18826
18828
18829
18831
18832
18835
18837
18840
18849
18852
18854
18855
18856
18859
18860
18862
18864
18872
18873
18875
18879
18881
18882
18884
18887
18888
18891
18893
18895
18896
18897
18901
18903
18907
18908
18910
18911
18912
18913
18914
18916
18917
18918
18919
18922
18926
18927
18928
18929
18932
18933
18934
18938
18940
18942
18943
18944
18946
18950
18953
18961
18963
18968
18969
18970
18972
18975
18976
18977
18978
18980
18981
18984
18985
18987
18989
18992
18993
18994
18995
18996
19000
19002
19004
19005
19006
19008
19009
19011
19015
19019
19020
19021
19024
19025
19026
19030
19031
19033
19034
19038
19039
19040
19041
19043
19044
19045
19050
19052
19059
19067
19068
19069
19072
19073
19076
19077
19078
19079
19080
19081
19083
19084
19087
19088
19089
19090
19091
19092
19093
19095
19096
19097
19099
19100
19101
19103
19104
19108
19112
19119
19123
19124
19126
19135
19137
19138
19141
19142
19143
19144
19147
19152
19153
19154
19155
19157
19160
19163
19164
19165
19167
19168
19169
19171
19172
19174
19175
19176
19178
19183
19184
19185
19186
19187
19190
19192
19194
19196
19197
19198
19199
19200
19204
19205
19206
19207
19208
19209
19211
19213
19216
19217
19218
19219
19221
19222
19223
19226
19227
19228
19231
19233
19239
19240
19241
19242
19243
19244
19249
19251
19260
19261
19262
19263
19265
19267
19268
19269
19270
19271
19274
19275
19278
19280
19281
19282
19287
19289
19290
19292
19295
19296
19297
19298
19299
19300
19301
19302
19305
19306
19311
19315
19318
19319
19320
19322
19324
19325
19327
19328
19329
19332
19334
19335
19338
19339
19341
19342
19343
19345
19349
19350
19351
19352
19354
19355
19358
19359
19360
19362
19363
19367
19370
19375
19377
19379
19380
19381
19382
19383
19387
19388
19390
19392
19393
19396
19397
19398
19399
19401
19402
19403
19404
19407
19415
19419
19420
19421
19422
19424
19426
19427
19428
19431
19432
19433
19435
19437
19439
19442
19444
19445
19448
19450
19452
19453
19457
19458
19462
19465
19469
19471
19472
19473
19474
19476
19481
19482
19487
19489
19491
19492
19498
19499
19500
19501
19502
19504
19506
19508
19509
19511
19512
19522
19523
19526
19527
19533
19534
19535
19539
19540
19543
19544
19545
19546
19548
19549
19550
19552
19553
19554
19555
19556
19560
19566
19567
19569
19571
19573
19574
19576
19577
19580
19581
19583
19588
19591
19593
19594
19595
19598
19602
19604
19606
19610
19611
19612
19613
19617
19618
19619
19620
19622
19625
19627
19629
19632
19636
19637
19638
19639
19640
19641
19642
19643
19645
19646
19648
19649
19650
19651
19653
19659
19660
19661
19665
19666
19667
19668
19671
19675
19677
19679
19681
19682
19685
19687
19690
19694
19698
19699
19703
19704
19710
19713
19714
19716
19719
19720
19721
19722
19723
19725
19727
19728
19729
19732
19736
19737
19738
19739
19740
19742
19743
19747
19748
19749
19750
19751
19752
19753
19757
19758
19759
19761
19762
19765
19770
19772
19774
19777
19778
19779
19780
19781
19784
19786
19791
19792
19794
19799
19802
19803
19808
19810
19811
19812
19814
19815
19817
19818
19819
19820
19821
19824
19826
19827
19828
19833
19837
19838
19839
19840
19841
19842
19844
19845
19846
19847
19850
19851
19856
19862
19867
19869
19872
19874
19875
19876
19881
19882
19883
19884
19885
19887
19891
19892
19893
19894
19895
19896
19897
19900
19901
19905
19907
19910
19912
19914
19915
19919
19920
19926
19927
19928
19929
19933
19935
19937
19938
19939
19941
19944
19947
19949
19950
19952
19956
19958
19960
19964
19965
19966
19967
19971
19979
19980
19981
19983
19991
19993
19994
19995
19997
19998
19999
