53
61
233
759
950
981
1107
1108
1120
1128
1132
1225
1460
1496
1575
1639
1716
1777
1786
1789
1976
2035
2046
2080
2232
2234
2291
2463
2515
2716
2777
2821
2905
3003
3156
3203
3244
3246
3286
3289
3542
3630
3700
3855
3886
3977
3997
4092
4278
4398
4570
4711
4731
4804
4839
4876
5072
5200
5308
5355
5421
5479
5669
5858
5937
5980
6046
6059
6507
6536
6559
6575
6601
6612
6998
7051
7100
7331
7563
7737
7753
7762
7881
7916
7947
8067
8111
8220
8452
8470
8598
8638
8642
8726
8909
9401
9484
9543
9713
10488
10746
10877
10980
11086
11184
11306
11362
11397
11414
11479
11734
11802
11946
12015
12057
12603
12654
12674
12778
12889
12898
12928
12998
13130
13131
13145
13165
13277
13388
13659
13846
13895
13901
14120
14165
14172
14306
14309
14465
14496
14616
14729
14797
14866
14985
15020
15083
15172
15192
15263
15364
15494
15507
15882
16020
16125
16442
17072
17227
17584
17727
17800
17809
17940
17984
18022
18169
18187
18212
18297
18344
18393
18422
18506
18763
18785
18806
18978
18980
19055
19118
19197
19300
19795
19909
20232
20294
20360
20403
20518
20529
20554
20589
20596
20693
20712
20814
21080
21097
21126
21178
21221
21237
21241
21416
21513
21542
21602
21667
21756
21963
22003
22039
22420
22483
22536
22604
22630
22718
22736
22776
23082
23122
23405
23407
23464
23581
23583
23677
23710
23873
23884
23899
23948
23956
23976
24039
24335
24407
24445
24614
24634
24718
24763
24839
25090
25137
25531
25581
25627
25656
25667
25744
25786
25819
25936
26100
26106
26131
26179
26232
26713
26716
26720
26882
26904
27005
27136
27151
27385
27490
27491
27585
27606
27695
27880
28008
28070
28082
28383
28450
28508
28531
28916
29090
29293
29323
29409
29410
29465
29485
29522
29779
29810
29839
30303
30469
30655
30776
30803
30813
31030
31092
31278
31544
31585
31745
31829
31896
31975
32050
32088
32133
32313
32366
32420
32466
32527
32890
32933
33493
33600
33660
33666
33735
33747
33797
33936
33940
34014
34062
34073
34153
34287
34339
34542
34644
34719
34768
35054
35317
35336
35378
35394
35441
35657
35670
35940
35977
35987
36273
36318
36827
37058
37091
37095
37121
37208
37402
37504
37693
37935
37991
38146
38244
38276
38280
38528
38564
38568
38594
38843
38936
38999
39036
39046
39056
39208
39308
39459
39521
39567
39634
39782
39925
40022
40283
40312
40320
40363
40445
40546
40571
40591
40653
40663
40722
40855
40998
41092
41326
41425
41465
41562
41705
41732
41818
42038
42062
42254
42297
42506
42730
42758
42768
42786
42819
42903
42962
43024
43094
43163
43309
43373
43403
43538
43912
43998
44061
44157
44175
44246
44296
44352
44364
44569
44601
44681
44772
44879
45187
45188
45208
45230
45513
45691
45759
45850
45959
46082
46163
46271
46371
46598
46628
46795
46813
47217
47363
47413
47438
47486
47560
47586
47594
47982
48009
48164
48189
48237
48261
48276
48489
48491
48499
48527
48667
48695
48810
49028
49039
49212
49654
49685
49767
49770
50063
50143
50167
50326
50414
50475
50485
50493
50504
50553
50613
50628
50636
50651
50670
50841
50904
50994
50995
51006
51018
51179
51350
51398
51403
51460
51545
51658
51758
51910
51953
51954
51973
51996
52000
52078
52132
52207
52291
52311
52517
52676
52831
52957
53000
53092
53282
53416
53435
53543
53612
53622
53761
53935
53943
53974
53988
54054
54144
54145
54207
54260
54312
54618
54666
54728
54849
55114
55123
55129
55160
55206
55248
55333
55371
55374
55498
55698
55937
56017
56032
56072
56098
56126
56131
56341
56350
56433
56459
56579
56646
56660
56723
56767
56888
56995
57129
57253
57349
57388
57421
57462
57512
57643
57707
57770
57822
57895
58059
58183
58450
58502
58629
58644
58709
58720
58804
58858
58899
59058
59061
59200
59215
59352
59609
59644
59680
59704
59802
59803
59876
59929
60148
60200
60234
60313
60350
60383
60431
60469
60480
60698
60714
60881
60911
60965
61199
61229
61272
61323
61587
61637
61674
61738
61746
61766
61986
62000
62029
62134
62193
62212
62693
63074
63117
63182
63276
63357
63381
63392
63441
63501
63835
64159
64236
64285
64305
64363
64474
64641
64710
64796
64850
64868
65196
65285
65346
65372
65389
65482
65549
65550
65657
65823
65832
65865
65965
66167
66332
66352
66353
66356
66371
66591
66615
66866
66880
67031
67242
67285
67383
67452
67640
67764
68144
68189
68226
68275
68344
68434
68716
68849
68939
69113
69364
69591
69615
69846
69882
69942
69980
69989
70170
70372
70396
70410
70429
70506
70620
70817
70850
70889
71004
71064
71569
71770
71797
71803
71893
72050
72127
72566
72594
72868
73093
73140
73248
73292
73314
73422
73603
73729
73826
73828
73839
73944
73996
74235
74270
74273
74450
74487
74536
74680
74974
75014
75131
75296
75299
75391
75442
75452
75475
75518
75753
75915
75947
76033
76040
76042
76044
76220
76267
76280
76355
76369
76510
76764
76773
76899
77013
77096
77303
77469
77522
77542
77552
77714
77724
78242
78343
78452
78546
78695
78944
79123
79404
79668
79885
79936
80036
80142
80281
80324
80379
80460
80495
80875
80923
80979
81168
81540
81627
81724
81887
82115
82181
82261
82341
82442
82608
82748
82758
82900
82989
83074
83096
83260
83290
83385
83561
83618
83644
83704
83715
83998
84005
84048
84344
84495
84612
84620
84649
84791
84835
84862
85241
85265
85404
85438
85454
85676
85757
85778
85831
86040
86345
86405
86557
86676
86685
86836
86877
87090
87174
87249
87291
87378
87724
87746
87864
87938
87980
88103
88196
88233
88326
88330
88391
88547
88590
88678
88723
88812
88921
88963
89168
89301
89376
89455
89466
89521
89560
89764
89786
89789
89907
89983
90129
90448
90526
90656
90814
90895
91184
91358
91378
91380
91408
91472
91488
91702
91784
91848
91957
92003
92211
92302
92319
92350
92390
92405
92559
92648
92763
93187
93309
93498
93716
93784
93898
94000
94059
94229
94364
94434
94700
94726
94900
94902
95310
95477
95478
95652
95886
95895
95902
95920
96365
96375
96434
96472
96592
96644
96876
96979
97064
97287
97529
97577
97621
97672
97749
97879
97930
98034
98047
98308
98322
98344
98347
98593
98701
98801
98881
99025
99076
99235
99236
99333
99518
99760
99764
99785
99821
99828
100047
100222
100341
100486
100586
100616
100671
100794
100796
100852
100881
100924
100944
100975
101047
101056
101476
101517
101615
101636
101730
101795
101996
102037
102169
102170
102277
102603
102612
102664
102823
102828
102829
102874
102990
103003
103021
103078
103255
103314
103685
103807
103988
104290
104339
104420
104502
104812
105408
105429
105476
105555
105581
105755
105997
106194
106241
106364
106400
106540
106581
106777
106786
107283
107363
107427
107441
107570
107674
107716
107866
108013
108021
108042
108326
108604
108646
108888
108906
109021
109165
109328
109419
109428
109483
109903
110115
110242
110532
110642
110694
110742
110895
110992
111250
111326
111343
111368
111643
111768
111820
112007
112048
112139
112462
112572
112600
112639
112722
112887
112890
113233
113332
113425
113559
113598
113701
113799
113919
113947
114064
114072
114103
114169
114219
114221
114263
114590
114718
114734
114819
114901
114952
115035
115198
115234
115372
115470
115501
115514
115540
115546
115559
115770
115902
116034
116042
116060
116118
116121
116160
116173
116253
116459
116483
116550
116589
116656
116825
117002
117049
117079
117178
117326
117443
117475
117508
117572
117577
117651
117654
117679
117754
117919
117955
118483
118513
118552
118584
118614
118619
118674
118683
118935
119091
119136
119579
119632
119695
119754
119820
119853
119902
119970
120065
120187
120281
120376
120482
120632
120840
120935
121231
121349
121473
121656
121682
121991
122011
122049
122053
122154
122372
122431
122652
122833
123002
123033
123083
123153
123309
123315
123338
123354
123740
123764
123853
123904
124232
124280
124290
124316
124338
124367
124456
124465
124495
124524
124715
124896
124923
125151
125207
125325
125327
125438
125522
125677
125784
125788
125798
125810
125848
126161
126171
126182
126214
126230
126305
126329
126339
126418
126691
126732
126784
126902
126904
127073
127100
127333
127334
127375
127424
127432
127516
127637
127645
127814
127952
127955
128023
128358
128420
128549
129033
129081
129173
129231
129281
129329
129691
129702
129741
130071
130364
130581
130709
130876
131133
131208
131554
131910
132045
132110
132124
132196
132204
132259
132262
132316
132353
132422
132685
132747
132786
132903
133123
133246
133294
133465
133634
133663
133711
133858
133881
133973
134106
134219
134419
134426
134515
134613
134863
134927
134938
135006
135075
135247
135303
135348
135522
135565
135658
135679
135753
135832
135916
136002
136085
136149
136197
136412
136544
136609
136726
136792
136849
137003
137079
137083
137207
137407
137551
137562
137588
137611
137892
137932
138121
138139
138174
138321
138578
138591
138717
138781
138919
139134
139136
139208
139247
139301
139500
139637
139650
139662
139702
140048
140109
140193
140208
140254
140433
140480
140515
140520
140521
140731
140734
140792
140817
140844
140975
141042
141053
141080
141166
141211
141270
141275
141460
141534
142133
142256
142559
142937
143021
143047
143111
143238
143372
143458
143551
143693
143809
144025
144084
144087
144168
144199
144237
144398
144622
144680
144893
144963
145018
145114
145120
145237
145353
145400
145403
145439
145448
145558
145634
145674
145728
145779
145831
145886
146050
146139
146171
146276
146531
146576
146598
146691
146696
146870
146884
146997
147017
147065
147117
147282
147448
147522
147711
147867
147902
147941
148018
148037
148121
148420
148689
148739
148760
148762
148780
148910
148975
149018
149156
149273
149448
149453
149510
149662
149776
149823
150270
150307
150331
150352
150374
150389
150398
150443
150558
150588
150613
150621
151040
151109
151116
151160
151199
151242
151255
151311
151353
151463
151536
151769
151869
151885
151898
151985
152122
152358
152447
152636
152754
152987
153247
153316
153502
153668
153692
153814
153845
153954
153972
154282
154401
154470
154662
154673
154932
154933
155019
155047
155172
155238
155558
155598
155704
155770
155871
155922
156094
156138
156187
156327
156444
156453
156570
156700
156715
156738
156792
156840
156862
156868
157186
157205
157239
157279
157364
157501
157509
157549
157557
157582
157593
157696
157908
157930
158135
158241
158258
158269
158275
158347
158369
158698
158804
158887
158928
159046
159199
159219
159256
159264
159301
159381
159632
159682
159686
159692
159714
159817
159878
160047
160116
160166
160247
160383
160401
160500
160540
160560
160991
161017
161077
161236
161269
161376
161539
161566
161633
161853
161857
161896
161902
161933
162032
162117
162163
162236
162247
162289
162298
162419
162453
162575
162577
162657
162661
162680
162708
162783
162958
163046
163164
163195
163264
163344
163439
163441
163446
163520
163555
163566
163677
163759
163884
163893
164074
164085
164283
164359
164438
164700
164888
165024
165321
165544
165734
165864
166151
166158
166167
166291
166407
166625
166802
166946
166955
167065
167081
167191
167273
167449
167638
167643
167691
167734
167809
167860
167984
168118
168291
168403
168717
168736
168835
168895
168964
169042
169083
169428
169496
169633
169721
169822
169895
170015
170147
170177
170205
170320
170477
170629
170659
170915
171132
171166
171484
171510
171579
171627
171790
171894
171947
172088
172124
172157
172205
172259
172314
172319
172322
172368
172489
172627
172705
172816
173083
173152
173253
173499
173909
173926
173978
173986
174003
174074
174157
174226
174427
174435
174658
174919
174993
175078
175097
175168
175244
175317
175347
175438
175540
175756
175846
175878
175976
176128
176191
176315
176393
176485
176511
176709
176899
176930
176963
177411
177534
177664
177686
177739
177878
177885
177933
178014
178041
178042
178270
178450
178647
178855
178871
178936
179117
179145
179218
179262
179411
179444
179462
179474
179575
179738
179869
180145
180153
180611
180978
180991
181017
181119
181202
181224
181233
181252
181340
181457
181585
181806
181831
181842
181933
182278
182456
182483
182538
182539
182576
182675
182731
183124
183365
183452
183467
183684
183804
183918
184015
184041
184091
184129
184194
184291
184332
184412
184526
184636
184705
184712
184725
184885
184925
185050
185223
185304
185336
185412
185458
185624
185654
185697
185724
185779
185911
185988
186082
186252
186256
186321
186344
186379
186642
186778
186856
186873
186881
186910
186949
187023
187244
187351
187481
188030
188031
188096
188166
188214
188539
188656
188803
188973
189099
189160
189470
189540
189639
189810
190016
190073
190151
190204
190222
190234
190326
190337
190552
190590
190634
190661
190864
190995
191097
191167
191337
191350
191522
191658
191841
191855
192090
192100
192219
192232
192283
192344
192404
192455
192513
192514
192599
192614
192633
192647
192680
192701
192750
192772
192811
192839
192924
192981
193230
193472
193584
193628
193682
193858
193901
194005
194027
194038
194128
194201
194267
194689
194764
194870
194873
194874
194910
194920
195190
195250
195514
195555
195570
195780
195821
195838
195957
195968
196481
196718
196719
196847
196920
197062
197248
197326
197491
197639
197826
197948
198030
198066
198186
198238
198299
198330
198367
198449
198480
198485
198488
198544
198561
198653
198703
198769
198828
198948
199172
199407
199429
199434
199650
199838
199964
200143
200499
200509
200538
200582
200600
200654
200865
201021
201179
201550
201563
201588
201949
201954
202083
202333
202338
202356
202386
202625
203023
203080
203099
203510
203595
203697
203737
203754
203771
203856
204017
204076
204094
204257
204475
204486
204527
204582
204705
204798
204887
204952
204996
205089
205312
205352
205425
205536
205605
205632
205633
205711
205783
205906
205931
205950
206279
206290
206362
206407
206626
206709
206901
206951
207019
207115
207120
207175
207196
207224
207312
207334
207606
207624
207627
207671
207717
208165
208237
208521
208522
208720
208890
208913
209280
209442
209554
209587
209636
209686
209737
209758
209809
209896
210027
210158
210215
210353
210514
210549
210553
210572
210602
210604
210734
210775
210881
211062
211095
211201
211284
211336
211686
211769
211799
211991
212144
212216
212261
212301
212362
212422
212515
212556
212630
212756
212972
213092
213138
213178
213208
213505
213511
213687
213703
213723
214101
214113
214443
214451
214536
214547
214629
214721
214736
214800
214887
214916
214939
214979
215159
215240
215276
215314
215369
215399
215432
215722
216101
216381
216717
216737
216799
216814
216937
216992
217005
217053
217062
217101
217117
217131
217546
217552
217566
217594
217791
217793
217950
218012
218088
218293
218685
218732
218863
219036
219129
219169
219313
219501
219510
219578
219637
219696
219736
219768
219806
219924
219937
219952
220076
220089
220125
220126
220167
220301
220401
220703
220823
220884
221123
221171
221259
221374
221433
221505
221648
221660
221699
221815
222136
222140
222320
222328
222521
222581
222625
222638
222647
222706
222812
222879
222902
222929
222955
223310
223350
223472
223512
223611
223777
223830
223850
223954
224033
224098
224140
224301
224346
224417
224513
224520
224995
225035
225042
225054
225138
225216
225305
225567
225752
225854
225892
225898
225916
225978
226078
226079
226170
226330
226504
226512
226583
226723
226817
226892
226906
226929
227166
227177
227229
227277
227366
227470
227543
227664
227685
227894
228071
228179
228211
228363
228742
228827
228902
228951
228981
229198
229210
229403
229422
229462
229630
229752
229757
229769
229966
230059
230091
230124
230129
230161
230212
230301
230790
231011
231132
231161
231506
231588
231730
231738
231785
231803
231860
231918
231930
232039
232069
232185
232241
232507
232575
232892
232955
233304
233388
233553
233556
233609
233626
233775
234367
234580
234820
234868
234881
235103
235284
235354
235379
235424
235622
235650
235677
235736
236058
236064
236145
236239
236424
236491
236571
236689
236858
236955
237048
237217
237236
237272
237284
237314
237529
237616
237807
237884
238015
238178
238240
238331
238441
238446
238500
238542
238562
238637
238690
238738
238950
239056
239067
239140
239172
239341
239366
239518
239706
239870
240027
240051
240106
240247
240256
240405
240591
240599
240659
240802
240824
240871
240912
241020
241151
241251
241331
241385
241627
241671
241732
241790
241869
242046
242175
242215
242252
242347
242369
242424
242453
242485
242508
242683
242691
242715
242734
242863
242973
243005
243256
243370
243473
243543
243677
243718
244246
244386
244444
244453
244537
244818
244824
244826
244855
245040
245336
245389
245401
245478
245497
245542
245562
245672
245681
245832
245923
246033
246047
246136
246289
246306
246413
246429
246510
246602
246605
246627
246666
246709
246837
246884
246947
246982
247009
247122
247329
247351
247391
247578
247588
247787
247792
248001
248142
248276
248313
248357
248457
248487
248512
248606
248765
248927
249060
249252
249400
249531
249578
249884
249962
250097
250152
250241
250306
250326
250405
250486
250665
250776
251026
251037
251053
251132
251217
251319
251324
251340
251357
251362
251410
251537
251559
251573
251578
251662
251950
251955
252030
252047
252079
252105
252174
252382
252418
252590
252606
253146
253165
253349
253403
253453
253597
253611
253957
253977
254006
254061
254111
254171
254240
254245
254266
254341
254387
254611
254824
254849
254853
254923
254998
255010
255017
255056
255149
255414
255430
255496
255512
255566
255745
255747
255962
256114
256119
256160
256395
256410
256471
256502
256600
256924
256926
257043
257057
257082
257275
257427
257491
257520
257670
257717
257718
257833
257953
257994
258157
258246
258254
258529
258564
258638
258791
258810
258819
258971
259115
259235
259246
259257
259310
259339
259532
259624
259891
259927
260063
260300
260458
260467
260499
260523
260588
260613
260889
260905
261075
261092
261163
261259
261290
261872
261907
262176
262181
262328
262331
262376
262573
262586
262893
262909
263044
263148
263175
263199
263581
263847
263957
263993
263994
264055
264162
264311
264486
264496
264568
264569
264583
264594
264603
265176
265465
265648
265718
266098
266237
266247
266435
266491
266503
266751
267072
267192
267219
267304
267544
267707
267897
268041
268110
268241
268801
268867
268870
268904
268906
268943
268952
269106
269149
269361
269377
269392
269647
269887
270261
270275
270413
270449
270455
270478
270507
270533
270697
270723
270917
270922
270925
270953
271041
271087
271161
271221
271272
271293
271302
271630
271837
271859
271918
271948
272042
272294
272380
272398
272600
272748
272799
272948
273224
273369
273378
273501
273535
273637
273834
273901
273910
274027
274202
274260
274270
274315
274556
274633
274874
274966
275114
275151
275263
275273
275297
275457
275504
275539
275576
275600
275609
275773
275795
275808
275978
276137
276150
276178
276179
276240
276414
276558
276665
277023
277025
277027
277230
277304
277370
277517
277552
277558
277570
277586
277606
277654
277660
277667
277775
278054
278086
278207
278373
278400
278697
278708
278742
278762
278826
278833
278919
279063
279108
279210
279301
279357
279500
279589
279666
279842
279860
279897
279955
279985
279997
280022
280101
280356
280377
280610
280880
281069
281160
281244
281271
281358
281366
281465
281519
281860
281896
281899
281975
282231
282240
282281
282340
282610
282822
282837
282974
283109
283152
283292
283333
283446
283800
283974
284073
284241
284293
284521
284564
284728
284745
284890
284927
285004
285575
285635
285639
285818
285853
286071
286138
286360
286482
286530
286613
286895
287042
287261
287284
287301
287342
287420
287428
287523
287553
287682
287763
287876
287907
288080
288379
288461
288535
288580
288663
288995
289082
289183
289206
289239
289406
289414
289425
289476
289610
289636
289843
290024
290121
290215
290372
290393
290421
290497
290959
291006
291129
291130
291190
291226
291315
291323
291326
291351
291492
291547
291582
291702
291715
291740
291744
291953
291990
292058
292197
292420
292505
292575
292607
292643
292705
292961
293186
293190
293230
293572
293593
293627
293761
293930
294470
294539
294894
295088
295199
295207
295299
295463
295537
295538
295547
295575
295602
295687
295753
295822
295882
296042
296146
296404
296730
296777
296843
296922
296973
297003
297004
297070
297106
297254
297287
297373
297599
297691
297749
297757
297760
297789
298062
298067
298366
298407
298459
298542
298562
298602
298607
298611
298724
298873
299132
299248
299375
299579
299639
299711
299723
299804
300027
300232
300672
300734
300939
301313
301319
301401
301446
301551
301638
301938
302034
302178
302438
302496
302514
302675
302828
303062
303144
303257
303258
303351
303463
303467
303520
303667
303709
303782
304197
304254
304303
304398
304426
304468
304477
304648
304713
304796
305183
305421
305631
306056
306073
306239
306243
306249
306406
306585
306795
306864
306867
307010
307119
307126
307181
307247
307319
307581
307614
307618
307631
308140
308208
308274
308489
308525
308580
308591
308596
308692
308746
308802
308870
308995
309309
309322
309377
309395
309465
309948
310214
310283
310321
310401
310661
310681
310806
310856
310902
311096
311243
311246
311274
311493
311495
311508
311561
311604
311867
312109
312123
312194
312197
312467
312546
312556
312824
313176
313258
313654
313727
313803
313998
314121
314249
314340
314407
314538
314629
314658
314766
314770
314942
314953
315151
315265
315301
315316
315723
315797
315835
315866
316081
316146
316237
316469
316571
316717
316910
316926
316986
317227
317247
317321
317512
317563
317850
318316
318403
318462
318632
318794
318873
318938
318980
319015
319092
319278
319307
319363
319396
319404
319588
319608
319680
319708
319725
319779
320251
320511
320700
320879
320921
321047
321164
321318
321354
321578
321862
321911
322036
322067
322353
322715
322757
322936
323108
323207
323536
323614
323628
323785
323840
324058
324105
324234
324531
324533
324587
324777
324866
324911
324918
325004
325150
325291
325294
325321
325352
325601
325680
325789
325849
325880
325902
325907
325934
326016
326079
326229
326282
326329
326395
326417
326513
326655
326675
326681
327038
327103
327293
327335
327343
327446
327479
327535
327562
327569
327616
327882
327897
327977
327993
328010
328181
328263
328476
328526
328563
328647
328713
328754
328942
329006
329224
329253
329328
329455
329830
329908
330098
330133
330222
330224
330255
330296
330329
330397
330579
330871
330875
330888
331246
331416
331925
332069
332179
332197
332222
332364
332443
332496
332506
332534
332732
332782
332793
332908
333013
333022
333254
333419
333486
333593
334066
334126
334243
334330
334423
334478
334583
334673
334838
335007
335065
335183
335356
335596
335919
336125
336191
336316
336335
336403
336483
336793
336816
336903
336993
337013
337061
337137
337269
337294
337435
337526
337699
337708
337772
337781
337999
338100
338244
338266
338332
338509
338548
338675
338821
338953
338975
339254
339320
339464
339738
339960
340001
340063
340098
340240
340376
340480
340642
340690
340733
341084
341085
341102
341328
341375
341460
341978
341985
341990
342089
342114
342215
342315
342415
342423
342485
342576
342619
342635
342663
342670
342685
342698
342706
342721
342748
342766
342892
342941
343141
343549
343568
343599
344169
344242
344360
344385
344464
344524
344557
344705
344741
344910
345022
345088
345156
345292
345547
345767
345869
345915
346230
346288
346360
346555
346760
346886
346909
347025
347152
347198
347218
347350
347459
347484
347970
348021
348063
348121
348252
348326
348330
348345
348403
348521
348563
348567
348631
348639
348852
348854
349046
349048
349252
349437
349531
349580
349723
350252
350283
350286
350330
350383
350469
350600
350630
350679
350702
350826
350858
350887
350952
351086
351153
351205
351251
351323
351367
351438
351535
351536
351697
351862
351972
352394
352399
352659
352682
352725
352791
352947
352982
353000
353110
353117
353267
353372
353500
353501
353594
353614
353687
353771
353778
353856
353871
353936
354078
354080
354127
354205
354212
354325
354398
354422
354445
354642
354675
354711
354809
355041
355056
355131
355187
355201
355432
355682
355693
355710
355718
355802
355915
355943
355957
356131
356461
356583
356627
356632
356647
356762
356993
357005
357087
357106
357138
357241
357573
357647
357690
357753
358011
358158
358215
358328
358436
358799
358841
358966
359057
359070
359261
359328
359351
359356
359561
359582
359616
359710
359781
359884
359982
360191
360344
360566
360608
360685
360894
360912
360982
361415
361450
361494
362009
362032
362043
362122
362150
362198
362216
362217
362474
362534
362611
362628
362812
363359
363381
363501
363517
363751
364012
364135
364252
364299
364301
364319
364384
364564
364584
364785
365130
365142
365239
365276
365300
365471
365589
365974
366049
366079
366142
366321
366632
367045
367069
367344
367404
367464
367538
367551
367572
367732
367861
367876
367879
367994
368142
368157
368339
368370
368450
368506
368943
368952
369166
369271
369289
369383
369534
369590
369616
369804
369843
369927
370050
370053
370073
370372
370475
370513
370601
370610
370710
370752
370882
370885
370968
371003
371024
371148
371162
371179
371331
371411
371659
371897
372158
372287
372409
372436
372468
372629
372722
372923
372928
372940
373184
373229
373391
373413
373436
373506
373808
373885
373998
374118
374272
374284
374474
374523
374613
374749
374754
374760
374907
375213
375291
375330
375363
375496
375622
375699
375784
375810
375826
375893
375933
376020
376267
376436
376468
376564
376581
376593
376617
376674
376871
376972
377029
377113
377323
377614
377777
378083
378254
378388
378416
378492
378715
378815
378816
378849
378913
378962
379079
379239
379613
379854
379869
379888
380020
380036
380145
380172
380217
380245
380282
380286
380315
380562
380620
380695
380705
381037
381094
381315
381341
381686
381860
381938
381954
382145
382216
382218
382263
382391
382531
382557
382803
382938
383353
383462
383503
384102
384164
384189
384193
384229
384264
384338
384348
384491
384496
384514
384567
384776
384947
385041
385207
385227
385442
385451
385455
385553
385556
385890
386113
386143
386327
386379
386573
386626
386714
386722
386935
387073
387425
387450
387561
387873
388154
388187
388190
388404
388515
388590
388783
388857
388889
389077
389178
389198
389478
389487
389636
389762
390056
390102
390229
390295
390350
390412
390860
390942
391017
391076
391206
391285
391390
391483
391638
391773
391883
391902
391934
391952
392042
392135
392170
392265
392378
392415
392439
392444
392495
392544
392874
393075
393099
393128
393140
393168
393237
393269
393549
393592
393827
393934
393938
393987
394065
394093
394253
394396
394425
394427
394446
394589
394633
394651
394710
394977
395016
395034
395041
395045
395186
395314
395316
395326
395592
395605
395701
395844
395863
395887
395958
396224
396288
396374
396583
396806
396850
397174
397176
397204
397329
397411
397434
397574
397664
397736
397805
397819
398011
398169
398328
398551
398634
398638
398690
398764
398806
398849
398858
398876
398921
398948
398951
399085
399139
399391
399414
399471
399497
399536
399585
399615
399857
399918
399989
400064
400125
400186
400345
400417
400564
400736
400915
400960
400997
401071
401079
401081
401114
401230
401287
401382
401398
401619
401777
401791
401956
402027
402147
402257
402389
402522
402577
402622
402669
402743
402940
402943
402964
403107
403234
403242
403247
403336
403439
403459
403528
403779
403896
404036
404212
404431
404568
404693
404760
404887
405046
405301
405318
405334
405428
405523
405547
405592
405685
405688
405782
405837
405856
405873
405987
406274
406320
406424
406465
406770
406775
407014
407038
407222
407285
407287
407326
407597
407670
407776
407782
407948
407959
407970
408001
408160
408277
408464
408466
408507
408546
408623
408639
408676
408780
408858
409045
409075
409292
409332
409698
409831
409883
409885
409951
410003
410113
410337
410380
410568
410709
410768
410801
410818
410847
410874
410905
410933
410935
411016
411243
411247
411564
411634
411644
411794
411861
411906
412141
412432
412558
412587
412623
412822
412938
413126
413158
413193
413255
413308
413344
413389
413527
413643
413674
413888
413964
414015
414176
414684
414746
414851
414867
414927
415092
415387
415612
415658
415674
415705
415833
416067
416159
416276
416291
416615
416737
416748
416914
416935
417055
417086
417089
417142
417178
417227
417736
417983
418172
418531
418541
418595
418673
418726
418779
418876
418968
419005
419194
419276
419391
419441
419553
419727
419774
419806
419823
419885
419950
419971
420030
420049
420116
420555
420570
420619
420634
420838
420996
421019
421041
421074
421128
421417
421488
421615
421971
421994
421998
422027
422389
422521
422558
422568
422602
422726
422916
422972
423143
423231
423254
423266
423279
423292
423425
423556
423691
423692
423923
423945
424101
424134
424285
424466
424582
425000
425062
425159
425215
425285
425304
425331
425393
425682
425718
426011
426246
426382
426456
426493
426575
426739
426751
426799
426829
426831
426960
427032
427124
427315
427354
427505
427523
427562
427755
427860
427960
428086
428124
428146
428306
428360
428469
428520
428581
428630
428665
428799
428818
428882
428893
428896
429033
429070
429160
429180
429199
429230
429289
429310
429423
429470
429511
429583
429615
429803
429828
429889
429899
430017
430075
430081
430491
430790
430870
430875
430900
431182
431280
431349
431702
431708
431730
431834
431855
431962
432047
432079
432124
432204
432259
432317
432331
432563
432676
432679
432758
432840
433079
433217
433253
433265
433314
433486
433641
433755
433764
433954
434027
434029
434135
434146
434151
434246
434281
434318
434335
434486
434669
434716
434752
434860
435076
435120
435250
435252
435292
435382
435485
435724
435745
435749
435750
435823
435860
436115
436460
436524
436557
436567
436594
436661
436691
436916
436963
436970
437140
437261
437364
437563
437664
437676
437697
437832
437922
438071
438155
438541
438557
438852
439055
439091
439109
439160
439446
439504
439607
439817
439902
440009
440176
440423
440532
440624
440648
440703
440907
440945
441042
441048
441110
441197
441203
441281
441292
441520
441541
441880
441932
442037
442065
442073
442373
442429
442500
442520
442572
442601
442654
442781
442809
442855
442882
442903
442986
443049
443074
443188
443320
443454
443497
443587
443640
443678
444085
444123
444144
444257
444436
444475
444637
444672
444674
444764
444775
444791
444913
444939
445030
445112
445146
445160
445356
445545
445561
445665
445681
445763
445882
446025
446207
446381
446396
446459
446552
446590
446667
446857
446940
447036
447108
447140
447345
447664
447858
447894
447963
448036
448123
448130
448282
448304
448374
448425
448596
448600
448628
448630
448722
448723
448753
448807
448874
448878
448894
448919
448945
449030
449062
449064
449082
449196
449270
449331
449453
449677
449707
449768
450031
450186
450273
450331
450589
450727
450878
450894
450950
450968
451149
451314
451317
451733
452164
452251
452261
452302
452465
452878
453074
453077
453191
453222
453264
453297
453377
453447
453465
453514
453642
453846
453914
454039
454050
454291
454309
454319
454357
454562
454690
454695
454999
455071
455330
455464
455565
455637
455662
455680
455698
455786
455818
455902
455978
455985
456032
456034
456148
456451
456526
456645
456742
456870
456981
457021
457186
457239
457336
457403
457410
457474
457497
457522
457531
457572
457745
457753
457771
457878
457881
457924
457994
458147
458150
458152
458190
458301
458402
458467
458531
458547
458658
458672
458797
458879
459109
459321
459390
459409
459463
459498
459539
459728
460034
460145
460195
460222
460273
460481
460535
460587
460772
460891
460899
461138
461404
461465
461556
461572
461846
461988
462121
462300
462353
462710
462870
462986
462987
463187
463294
463335
463438
463457
463530
463555
463560
463679
463739
463846
463953
463998
464092
464161
464448
464584
464623
464852
464916
464919
465049
465309
465344
465475
465539
465545
465614
465813
465943
466070
466137
466404
466552
466592
466685
466864
466897
466950
467094
467190
467231
467286
467324
467403
467566
467761
467815
467827
467895
467962
468030
468145
468157
468158
468195
468278
468492
468593
468636
468656
468672
468908
469147
469170
469251
469571
469662
469674
469716
469741
469788
469958
470082
470120
470144
470188
470238
470295
470374
470398
470512
470677
470678
470721
470934
470940
470975
471063
471154
471181
471349
471350
471466
471477
471575
471728
471812
471818
471826
471992
472347
472418
472436
472490
472551
472641
472651
472922
472956
473037
473080
473194
473362
473376
473390
473647
473792
473823
473890
473911
474036
474206
474212
474347
474350
474384
474817
474864
475020
475090
475100
475213
475431
475716
475862
475936
476250
476295
476691
476724
476841
476944
477076
477117
477178
477204
477214
477415
477510
477571
477706
477753
477826
477864
477904
477943
477962
478053
478196
478229
478357
478375
478728
478789
478802
478928
479266
479286
479462
479662
479782
479811
479990
479994
480217
480284
480382
480486
480569
480634
480816
480964
480999
481085
481127
481193
481309
481409
481481
481578
481601
481630
481703
481834
481898
481929
481953
481972
482097
482166
482215
482398
482478
482528
482577
482610
482686
482769
482883
482904
482999
483040
483041
483320
483484
483572
483615
483654
483691
483752
483753
483809
483816
483824
483931
484102
484214
484384
484686
485060
485169
485310
485320
485356
485361
485432
485528
485538
485540
485581
485603
485619
485747
485767
485821
485854
485934
486076
486345
486373
486413
486443
486763
486892
487079
487287
487601
487819
488203
488252
488273
488342
488412
488529
488566
488671
488821
488869
489013
489052
489127
489290
489319
489402
489673
489712
489780
489795
489796
489864
490041
490100
490404
490419
490626
490873
490877
491018
491025
491034
491117
491186
491250
491360
491549
491588
491598
491617
491689
491754
491865
491921
492363
492525
492837
492883
492967
493191
493304
493380
493490
493512
493558
493613
493657
493677
493682
493875
493899
493907
494004
494059
494099
494153
494401
494479
494489
494579
494703
494934
495009
495079
495177
495199
495227
495275
495292
495553
495655
495834
495876
495978
496067
496242
496365
496393
496429
496484
496491
496660
496873
497511
497637
497990
498059
498359
498364
498390
498391
498416
498455
498795
499087
499133
499148
499203
499344
499350
499379
499388
499398
499445
499447
499550
500072
500168
500271
500325
500407
500634
500645
500726
500765
500771
500799
501207
501246
501362
501521
501701
501804
501967
501998
502015
502018
502240
502416
502466
502496
502591
502620
502758
502769
502951
503011
503111
503364
503429
503535
503566
503719
503764
503976
503978
504059
504329
504370
504395
504509
504592
504687
504919
505043
505223
505392
505433
505436
505500
505656
505674
505681
505710
505768
506209
506235
506454
506527
506539
506657
506764
506805
506931
506959
507016
507103
507267
507287
507330
507480
507540
507550
507590
507602
507708
507828
508044
508128
508164
508241
508374
508455
508729
508747
508958
509009
509093
509289
509420
509496
509708
509718
509754
510003
510307
510562
510639
510733
510746
510828
510977
511183
511225
511227
511295
511306
511391
511458
511496
511674
512090
512098
512176
512336
512508
512576
512586
512624
512811
512923
512924
513117
513129
513151
513198
513205
513274
513275
513429
513452
513457
513481
513514
513548
513927
513937
514012
514022
514498
514536
514598
514651
514725
514739
514827
514844
514909
514954
515048
515059
515182
515212
515284
515312
515342
515404
515497
515685
515723
515842
515936
516245
516248
516288
516311
516415
516448
516457
516559
516644
516716
516759
516818
516940
516990
517078
517147
517158
517395
517406
517529
517680
517850
518465
518522
518721
519016
519085
519143
519185
519219
519428
519542
519617
519698
519988
520165
520232
520376
520419
520476
520583
520645
520797
520816
520859
520956
520960
521249
521253
521296
521320
521365
521373
521516
521565
521586
521632
521716
521774
521825
521837
521849
521859
522132
522227
522400
522578
522589
522649
522747
522772
522805
523006
523036
523104
523137
523155
523216
523390
523448
523624
523684
523748
523795
523808
524105
524140
524352
524640
524760
524864
525013
525076
525078
525123
525159
525179
525407
525630
525785
525816
525891
526257
526266
526304
526338
526504
526578
526731
527021
527040
527065
527309
527326
527630
527633
527769
527866
527923
528151
528157
528255
528522
528693
528718
528954
528962
529048
529102
529119
529286
529298
529335
529360
529364
529424
529433
529557
529561
529587
529648
529761
529990
530021
530033
530689
530790
530838
531437
531610
531701
531788
531851
531876
531890
531924
531929
532088
532332
532517
532545
532549
532573
532619
532644
532899
532920
533130
533191
533338
533354
533426
533465
533553
533598
533602
533628
533655
533735
533770
533945
534000
534074
534203
534243
534289
534330
534420
534450
534530
534833
534865
534896
534924
535006
535013
535184
535250
535486
535541
535772
535784
535838
536070
536077
536109
536143
536519
536520
536544
536577
536853
537039
537494
537741
537942
537959
537979
538017
538089
538208
538904
539116
539150
539177
539255
539321
539461
539577
539797
539913
540245
540417
540421
540685
540783
540786
540848
541074
541087
541106
541129
541289
541436
541477
541531
541546
541584
541629
541676
541678
541695
541745
541841
541869
541931
541970
541995
542136
542262
542311
542444
542474
542812
542857
542899
542964
543011
543048
543148
543316
543450
543494
543572
543587
543609
543759
543836
543847
543857
544153
544376
544498
544979
544987
545036
545124
545163
545203
545236
545308
545344
545738
545796
545807
545847
546243
546414
546572
546597
546762
546813
546874
547062
547084
547218
547303
547395
547660
547977
548029
548107
548134
548198
548368
548506
548973
549496
549656
549747
549854
549947
549968
549971
550030
550153
550296
550329
550367
550371
550452
550591
550662
551022
551224
551391
551468
551510
551525
551566
551598
551655
551668
551692
551701
551735
551738
551743
551834
551882
551937
551984
552115
552205
552296
552433
552560
552721
552893
553196
553238
553346
553402
553458
553510
553573
553600
553803
553837
553848
553891
554103
554115
554177
554395
554649
554663
554811
554825
554984
555089
555152
555214
555288
555549
555696
555764
555962
555983
555986
556102
556120
556261
556380
556469
556547
556651
556667
556676
556805
556945
556972
557021
557029
557030
557092
557129
557137
557292
557313
557339
557530
557543
557580
557651
557721
557770
557786
557802
557827
557833
557843
557879
557935
557986
558050
558166
558175
558501
558719
558764
558950
559114
559198
559308
559313
559413
559538
559579
559603
559765
559823
559825
559884
560227
560284
560376
560413
560569
560688
560922
561047
561054
561097
561119
561173
561292
561307
561340
561591
561873
561900
562048
562309
562371
562474
562709
562716
563306
563589
563670
563694
563791
563824
564089
564188
564298
564334
564412
564438
564519
564720
564763
564947
564968
565397
565631
565862
565968
566158
566333
566608
566968
567048
567075
567261
567384
567422
567451
567524
567633
567730
567773
567798
567826
567846
567909
567969
567981
568128
568279
568311
568769
568999
569116
569152
569268
569356
569428
569519
569626
569759
570082
570233
570260
570296
570331
570367
570414
570512
570597
570658
570667
570673
570695
570843
571124
571156
571290
571315
571506
571548
571580
571794
571836
572286
572760
572864
572938
572974
573071
573138
573344
573476
573581
573635
573647
573659
573686
573735
573846
573864
573960
574036
574131
574288
574491
574496
574522
574711
574715
575061
575172
575216
575225
575269
575302
575341
575652
575670
575793
575841
575844
575853
575874
576358
576429
576449
576522
576634
576871
576924
576960
577036
577323
577466
577637
577660
577877
577933
577985
577991
578107
578179
578317
578425
578505
578517
578680
578780
578814
578860
579073
579080
579308
579328
579374
579429
579529
579658
579661
579864
579929
580136
580190
580371
580594
580638
580779
580904
581187
581421
581426
581594
581779
581822
581853
581862
581936
582008
582193
582235
582266
582400
582531
582541
582569
582581
582649
582734
582931
583106
583293
583315
583471
583601
583676
583732
583747
583881
583938
584069
584166
584297
584410
584558
584579
584593
584607
584816
584911
585063
585101
585128
585269
585288
585289
585291
585323
585484
585973
585993
586077
586261
586265
586387
586546
586561
586601
586849
586853
586869
586873
587284
587550
587747
587803
588140
588159
588245
588362
588443
588512
588756
588838
589039
589066
589103
589206
589210
589321
589567
589732
589828
589879
589922
589941
589952
590038
590066
590299
590609
590676
590692
590751
590767
590836
590857
590982
590997
591058
591097
591363
591463
591481
591660
591699
591704
591747
591782
591829
591976
592036
592082
592102
592318
592331
592336
592384
592394
592458
592532
592665
592743
592754
592806
593034
593059
593124
593165
593199
593501
593694
593711
593769
593846
593849
593869
593940
593943
593994
594048
594115
594224
594337
594408
594452
594461
594494
594520
594627
594637
594727
594883
594913
594932
594939
595034
595086
595089
595201
595219
595284
595348
595575
595584
595668
595672
595701
595820
595876
596043
596108
596193
596272
596294
596306
596332
596833
596871
597040
597090
597093
597216
597340
597403
597605
597676
597833
597951
597990
598036
598080
598101
598392
598513
598514
598563
598915
598961
598965
598993
599046
599078
599285
599412
599570
599652
599653
599752
599807
599827
599892
599903
600020
600275
600421
600621
600663
600684
600812
600888
600934
600998
601166
601191
601243
601416
601523
601561
601612
601795
601830
602077
602191
602211
602224
602349
602515
602569
602573
602941
603007
603020
603137
603158
603261
603384
603445
603542
603568
603607
603708
603918
604083
604158
604238
604596
604625
604753
604830
604875
604908
604960
605059
605177
605369
605459
605638
605758
605875
606130
606240
606337
606436
606859
606863
606995
607100
607137
607312
607328
607385
607412
607422
607459
607680
607769
607782
607822
607889
607941
607995
608016
608328
608346
608415
608493
608550
608751
608770
609082
609190
609240
609287
609309
609400
609407
609455
609508
609559
609561
609572
609600
609638
609639
609757
609879
609954
610157
610182
610262
610288
610320
610396
610511
610641
610654
610730
610835
610925
610934
610997
611135
611183
611377
611615
611695
611735
611788
611830
611895
611933
612128
612177
612193
612419
612596
612774
612880
612923
612947
612984
613247
613349
613417
613466
613501
613529
613566
613599
613700
613855
613902
613947
614045
614175
614210
614279
614317
614348
614461
614493
614505
614625
614636
614738
614774
615018
615283
615403
615491
615591
615633
615687
616046
616235
616571
616611
616615
616619
616659
616748
617065
617077
617160
617164
617316
617701
617883
617975
618213
618239
618267
618412
618496
618602
618741
618745
618866
618947
618986
619112
619266
619462
619528
619548
619625
619634
619769
619869
619967
619991
620213
620254
620497
620527
620777
620905
620926
620931
620979
621001
621064
621228
621260
621327
621352
621372
621620
621832
621859
622120
622142
622154
622345
622415
622494
622546
622557
622719
622783
622863
622923
622964
623008
623021
623235
623401
623412
623473
623582
623621
623670
623742
623770
623816
624008
624157
624161
624287
624309
624312
624542
624567
624650
624953
625105
625180
625226
625283
625310
625405
625518
625683
625733
625825
625985
626200
626256
626264
626317
626613
626626
626715
626978
627012
627097
627193
627328
627337
627380
627468
627702
627853
628149
628332
628398
628425
628487
628514
628638
628664
628702
628753
628777
628839
628842
628849
628862
628875
628894
628926
628933
629001
629029
629073
629130
629143
629251
629265
629387
629390
629562
629615
629635
629780
629820
629840
630153
630328
630465
630528
630630
630719
630730
630741
630809
630810
631032
631036
631062
631143
631186
631290
631327
631455
631573
631602
631939
631956
631968
632057
632167
632318
632330
632428
632473
632513
632581
632673
632720
632742
632817
632837
632876
633153
633190
633268
633453
633558
633698
633820
634006
634061
634133
634240
634257
634284
634316
634410
634495
634566
634594
634675
634713
634718
634755
634864
635019
635059
635122
635173
635364
635395
635462
635536
635559
635749
635819
635946
636073
636101
636269
636319
636429
636602
636637
636777
636779
636818
636842
636859
636948
637261
637396
637510
637662
637667
637962
638110
638506
638605
638651
638661
638681
638704
638857
638889
638982
639081
639177
639299
639395
639410
639450
639561
639790
639795
639811
639813
639959
640006
640088
640132
640219
640416
640540
640633
640726
640852
640896
641023
641251
641480
641636
641670
641689
641798
641893
642124
642240
642259
642599
642608
642674
642749
642823
642864
642949
642972
643029
643137
643147
643150
643451
643660
643664
643710
644003
644226
644382
644691
644712
644719
644768
644774
644817
645160
645272
645282
645428
645467
645552
645570
645694
645829
645871
646010
646116
646120
646300
646542
646602
646729
646752
646775
646823
646942
647010
647067
647122
647166
647199
647233
647270
647316
647479
647484
647595
647638
647908
648028
648102
648247
648271
648369
648394
648450
648531
648596
648635
648687
648732
648859
648892
649004
649012
649159
649208
649233
649426
649739
649741
649967
650247
650717
650732
650749
650812
650873
650939
650951
651061
651366
651396
651470
651504
651819
651847
651921
652131
652193
652220
652378
652519
652558
652693
652892
652899
652948
653057
653077
653141
653153
653202
653481
653552
653702
653758
653951
654030
654171
654236
654631
654642
654920
654956
655023
655047
655157
655223
655278
655484
655566
655582
655658
655693
655695
655764
656208
656438
656456
656623
656636
656657
656798
656856
656880
656924
656974
657001
657024
657208
657214
657268
657309
657505
657508
657585
657636
657653
657938
657976
658057
658174
658328
658353
658394
658405
658581
658665
658693
658863
659088
659247
659258
659352
659395
659602
659817
660155
660176
660260
660362
660425
660436
660451
660551
660591
660635
660708
660794
660937
661008
661023
661089
661270
661383
661540
661691
661837
661854
661858
661911
662067
662157
662330
662386
662414
662449
662596
662682
662891
663145
663322
663446
663616
663698
663713
663722
663870
664000
664043
664119
664221
664246
664340
664403
664464
664468
664469
664834
664857
664879
664955
665437
665697
665719
665867
666048
666180
666475
666617
666648
666889
667058
667135
667220
667377
667483
667740
667788
667817
667884
667992
668096
668098
668262
668275
668318
668320
668388
668489
668490
668642
668707
668710
668868
669373
669528
669538
669724
669979
670007
670150
670545
670555
670575
670597
670635
670642
670705
671048
671073
671112
671155
671632
671664
671687
671689
671698
671728
671904
671931
672022
672065
672095
672110
672142
672156
672195
672468
672473
672577
672583
672600
672604
672615
672674
672734
672815
672833
673004
673197
673262
673295
673480
673515
673563
673664
673696
673764
673831
673839
673865
673872
673880
673991
674047
674060
674196
674298
674371
674470
674532
674550
674568
674619
674627
674775
674783
674791
674892
674923
674957
674963
675105
675112
675142
675244
675494
675499
675515
675661
675961
676318
676347
676357
676440
676543
676730
676735
676822
676926
677017
677155
677189
677257
677642
677723
677782
677814
678008
678042
678173
678333
678493
678660
678746
678819
678955
679021
679139
679301
679339
679450
679647
679713
679885
679939
679951
680023
680025
680242
680417
680419
680565
680657
680675
680716
680836
680879
681007
681105
681399
681440
681489
681627
681713
681718
681816
681926
681963
682053
682086
682198
682239
682642
682711
682964
683091
683093
683167
683237
683266
683296
683318
683323
683418
683487
683511
683604
683650
683830
684049
684083
684156
684190
684224
684390
684411
684507
684647
684711
684714
684724
684740
684754
684773
684777
684832
684833
684933
685053
685092
685230
685269
685349
685367
685483
685557
685600
685651
685761
685900
685901
686095
686184
686229
686304
686310
686330
686385
686392
686417
686503
686602
686643
686728
686795
686959
687032
687124
687238
687246
687425
687520
687539
687550
687756
687813
688238
688363
688369
688389
688536
688644
688800
688907
688915
688977
689186
689610
689945
689965
690059
690243
690269
690616
690762
690813
690960
690975
691007
691186
691358
691365
691377
691404
691407
691627
692004
692049
692076
692082
692216
692414
692506
692546
692643
692689
692716
692741
692918
692934
693126
693135
693155
693170
693213
693360
693428
693529
693550
693691
693710
693836
694000
694242
694815
694820
694949
694953
695247
695325
695531
695553
695710
695768
695807
696314
696429
696541
696679
696723
696775
696814
697083
697231
697294
697339
697348
697791
697926
697948
698131
698190
698260
698338
698374
698387
698468
698595
698641
698709
698926
698939
699114
699318
699363
699539
699616
699684
699686
699844
699855
699864
699967
700155
700443
700464
700531
700587
700632
700842
700878
701058
701144
701151
701284
701375
701569
701950
701976
702041
702281
702399
702478
702618
702680
703033
703059
703065
703129
703175
703297
703327
703364
703394
703472
703552
703602
703604
703615
703639
703898
703935
703987
704077
704270
704300
704541
704615
704686
704850
705007
705108
705269
705349
705435
705523
705600
705623
706060
706189
706246
706372
706487
706610
706726
706749
706819
706873
707003
707050
707119
707174
707406
707456
707501
707617
707638
707643
707867
707877
707887
707986
708092
708219
708233
708357
708386
708393
708420
708909
709128
709154
709178
709314
709446
709597
709935
710097
710135
710214
710224
710343
710468
710530
710585
710607
710740
711144
711147
711150
711247
711272
711442
711486
711561
711680
711731
711812
712020
712221
712257
712285
712408
712460
712503
712674
712685
712775
713105
713239
713381
713496
713572
713669
713793
714060
714063
714196
714243
714260
714303
714507
714652
714868
714944
715003
715052
715301
715317
715354
715423
715482
715505
715533
715896
715933
715987
716105
716195
716237
716314
716316
716327
716369
716402
716424
716633
716640
716673
716800
716820
716989
717067
717274
717384
717561
717843
717908
718046
718404
718601
718729
718804
718926
719207
719416
719674
719744
719954
720000
720230
720312
720582
720677
720746
720790
721317
721356
721364
721562
721677
721756
721796
721963
722054
722451
722487
722515
722539
722544
722563
722745
722806
722842
722864
723026
723086
723217
723403
723482
723585
723586
723639
723697
723828
724301
724516
724570
724733
724760
724771
724816
724828
725106
725491
725516
725537
725661
725712
725742
725835
725962
726294
726295
726377
726494
726697
726717
726746
726852
727067
727111
727216
727235
727361
727435
727471
727494
727551
727596
727653
727896
727939
727966
727985
728020
728341
728449
728712
728949
729059
729269
729630
729674
729781
729861
729948
730033
730070
730083
730211
730271
730368
730426
730643
730710
730753
730785
730806
730906
730936
731020
731098
731123
731417
731484
731524
731561
731721
732062
732202
732209
732264
732542
732608
732626
732690
732805
732916
732994
733006
733046
733061
733205
733240
733296
733351
733377
733488
733635
733696
733698
733766
733898
733963
734059
734240
734277
734397
734541
734646
734697
734900
734911
734951
734963
735094
735145
735341
735353
735397
735416
735438
735471
735585
735793
735869
735974
736014
736089
736095
736215
736271
736278
736343
736385
736412
736501
736506
736661
736750
736991
737191
737292
737344
737363
737548
737561
737595
737716
737775
737967
737985
738081
738110
738141
738154
738210
738239
738410
738509
738547
738593
738666
738701
738738
738752
738804
738919
739187
739194
739307
739309
739472
739479
739670
739828
739852
739873
739945
740007
740050
740059
740197
740355
740382
740419
740494
740543
740838
741133
741146
741186
741201
741253
741279
741322
741382
741392
741594
741605
741724
741796
741880
741899
741976
742144
742167
742222
742272
742294
742460
742620
742859
742882
742886
742893
742926
743043
743144
743219
743234
743398
743400
743616
743657
743900
743961
744024
744081
744157
744536
744545
744638
744704
744758
744890
744973
744988
745100
745103
745184
745211
745212
745577
745598
745730
745793
745889
745908
745930
745954
746070
746173
746251
746360
746411
746425
746484
746592
746923
746944
747064
747125
747206
747266
747483
747501
747832
747874
747877
747921
747994
748113
748389
748877
749028
749119
749189
749421
749612
749966
750034
750040
750091
750146
750283
750354
750566
750572
750578
750868
750924
751009
751038
751088
751117
751157
751181
751218
751323
751340
751393
751587
751612
751811
751884
751991
752040
752070
752170
752373
752434
752456
752922
752976
753026
753082
753130
753268
753325
753396
753610
753670
753780
753846
754150
754491
754496
754525
754546
754576
754592
754599
754611
754646
754713
754715
754739
754776
754799
754942
755128
755235
755249
755346
755373
755439
755676
755821
755878
755923
755925
756028
756172
756182
756384
756482
756507
756571
756630
756831
757002
757071
757170
757225
757303
757331
757506
757633
757639
757743
757845
757909
757939
757947
757980
758263
758339
758511
759064
759184
759196
759257
759310
759348
759414
759454
759574
759679
759726
759945
760024
760207
760224
760350
760417
760419
760445
760491
760804
760848
760868
760931
760950
761060
761179
761227
761327
761345
761572
761755
761764
761981
762014
762084
762497
762507
762519
762566
762673
762699
762724
762792
762960
763084
763153
763233
763282
763450
763747
763806
763819
763851
763881
763934
764027
764037
764048
764243
764292
764435
764453
764460
764462
764488
764496
764560
764991
765145
765268
765283
765412
765680
765734
765770
765945
766051
766220
766367
766605
766653
766696
766701
766728
766843
766889
767112
767191
767243
767287
767455
767530
767701
767786
767792
767936
767990
768147
768302
768851
768858
769001
769014
769212
769227
769230
769315
769318
769344
769368
769576
769640
769652
769938
770283
770330
770592
770613
770726
770863
770875
771010
771314
771341
771536
771709
771749
771803
771891
771899
771918
772013
772258
772302
772533
772592
772643
772910
773046
773100
773128
773156
773398
773413
773517
773566
773591
773692
773891
774059
774525
774550
774843
775198
775429
775496
775522
775573
775762
775810
776013
776035
776246
776320
776367
776417
776610
776651
776691
776718
776835
776926
776969
777142
777151
777435
777468
777597
777625
777688
777929
777938
777971
778036
778336
778351
778378
778501
778611
778671
778694
778703
778738
778749
778775
778823
778972
778995
779110
779416
779418
779588
779591
779597
779858
779920
779966
779990
780181
780239
780240
780412
780429
780609
780713
780810
781026
781045
781138
781215
781258
781260
781275
781322
781326
781327
781331
781349
781393
781401
781567
781669
781730
782133
782139
782170
782194
782326
782391
782409
782415
782450
782690
782759
782908
783053
783075
783269
783416
783596
783877
783885
783993
784034
784054
784113
784198
784288
784375
784462
784643
784671
784750
784807
784858
785026
785034
785065
785077
785223
785366
785368
785399
785762
785960
786050
786197
786231
786244
786246
786361
786366
786473
786536
786580
786763
786837
786844
787062
787092
787247
787325
787569
787603
787611
787612
787684
787774
787987
788078
788165
788226
788239
788263
788302
788339
788384
788454
788553
788582
788615
788718
788958
788985
789128
789194
789299
789337
789448
789519
789576
789698
789878
790010
790105
790292
790327
790411
790594
790604
790645
790843
790935
791017
791119
791124
791161
791280
791361
791472
791774
791775
791794
791937
791987
792154
792529
792569
792938
793042
793085
793105
793122
793156
793162
793277
793279
793314
793436
793720
793802
793854
794121
794150
794214
794325
794706
794760
794858
794934
794993
795137
795149
795309
795495
795539
795720
795969
796089
796423
796461
796463
796495
796594
796866
796889
797047
797163
797306
797421
797530
797552
797581
797606
797635
797638
797953
798044
798160
798175
798193
798313
798450
798494
798552
798689
798752
798830
798883
799153
799184
799303
799462
799773
799860
799923
800049
800153
800207
800293
800644
800961
801121
801149
801293
801333
801365
801424
801537
801667
802044
802084
802108
802409
802890
803029
803204
803256
803315
803363
803528
803580
803946
804191
804349
804409
804421
804434
804529
804539
804586
804770
804823
804837
804929
805005
805092
805358
805405
805558
805588
805607
805750
805809
805815
805825
806118
806335
806352
806428
806439
806547
806609
806610
806818
807004
807047
807149
807184
807206
807384
807493
807525
807575
807604
807639
807649
807655
807694
807828
807885
807975
808061
808117
808135
808142
808174
808314
808520
808638
808846
808932
808961
808992
809093
809250
809286
809366
809386
809584
809627
809915
810038
810294
810343
810396
810428
810811
810907
810942
811078
811156
811204
811234
811305
811333
811404
811505
811513
811753
811863
812148
812197
812216
812254
812306
812311
812384
812438
812439
812582
812646
812831
812919
813059
813120
813291
813523
814246
814388
814542
814629
814649
814886
815003
815081
815093
815110
815201
815243
815302
815503
815643
815780
815805
815806
816007
816019
816024
816207
816440
816458
816489
816521
816536
816563
816742
816824
816862
817060
817061
817100
817296
817316
817332
817392
817506
817515
817530
818076
818189
818350
818592
818805
818964
818980
819075
819182
819424
819468
819482
819637
820007
820091
820204
820466
820528
820541
820695
820780
820823
820922
820940
820988
821029
821075
821152
821169
821283
821343
821513
821535
821813
821873
821882
821883
821945
822002
822021
822031
822059
822186
822408
822540
822577
822769
822922
823041
823078
823170
823334
824047
824134
824154
824156
824210
824281
824715
824726
824856
824993
825064
825072
825208
825224
825275
825299
825398
825442
825500
825669
825758
825867
825877
825919
826159
826292
826294
826490
826499
826501
826556
826565
826666
826702
826735
827041
827053
827060
827496
827653
827866
827939
827980
828137
828274
828317
828352
828508
828514
828600
828713
828720
828750
828788
828905
829126
829317
829323
829336
829435
829471
829800
829811
830046
830165
830204
830282
830417
830640
830785
831022
831058
831089
831170
831172
831522
831599
831894
832166
832411
832420
832563
832694
832732
832748
832904
832933
832996
833011
833102
833168
833598
833609
833619
833665
833677
833855
833859
834013
834082
834092
834199
834207
834214
834238
834248
834388
834459
834682
834719
834762
834771
834818
834821
834939
834965
835307
835379
835417
835539
835649
835717
836290
836295
836390
836560
836565
836739
836853
836961
837029
837279
837294
837296
837420
837748
837771
837803
838038
838123
838175
838342
838385
838733
838869
839055
839129
839184
839365
839451
839503
839529
839530
839547
839562
839579
839627
839671
839791
840004
840465
840498
840536
840537
840551
840616
840791
840818
841103
841151
841300
841357
841530
841648
841821
841830
842034
842172
842181
842213
842333
842354
842371
842432
842455
842732
842784
842871
842937
842974
843452
843588
843682
843693
843912
844053
844236
844386
844515
844585
844603
844670
844733
844779
844830
844904
844927
845059
845082
845126
845152
845156
845355
845633
845661
845959
846062
846063
846144
846164
846351
846352
846403
846422
846485
846556
846791
846821
846923
847202
847246
847358
847514
847676
847695
847894
847998
848188
848252
848308
848445
848707
848855
848897
849013
849087
849095
849097
849199
849484
849543
849825
849950
850423
850482
850658
850660
850763
850773
850778
850780
850873
850996
851037
851087
851300
851520
851537
851675
851817
851848
851893
851939
852005
852157
852230
852328
852654
852694
852699
852913
852918
852956
853049
853162
853281
853489
853526
853547
853574
853596
853619
853674
853891
854027
854087
854102
854133
854277
854332
854440
854501
854562
854602
854603
854861
854874
854889
855046
855047
855055
855074
855078
855079
855143
855208
855224
855286
855566
855624
855688
856043
856053
856309
856323
856408
856460
856550
856673
856744
856790
856838
856945
857003
857006
857099
857188
857241
857309
857414
857603
857777
858195
858288
858344
858489
858600
858662
858754
859000
859028
859040
859262
859283
859328
859538
859539
859686
859785
859817
859832
859868
859993
860008
860013
860047
860167
860225
860341
860568
860789
860848
860902
860981
861203
861216
861331
861368
861425
861431
861449
861464
861589
861869
861982
862081
862127
862158
862230
862376
862486
862602
862742
862761
862765
862782
862935
863043
863091
863488
863503
863508
863552
863653
863702
863934
864013
864121
864250
864298
864361
864462
864469
864705
864765
864778
864900
865056
865154
865482
865496
865698
865704
865731
865868
865971
866066
866069
866235
866376
866548
866614
866733
866781
866830
866837
866995
867126
867134
867216
867265
867293
867356
867625
867642
867684
867725
867856
867884
867904
867932
868553
868642
868680
868717
869297
869397
869400
869453
869628
869677
869689
869739
869794
869906
869930
869950
869952
870096
870216
870245
870398
870417
870488
870603
870791
871469
871914
871936
872020
872777
872863
872918
872942
872973
873143
873318
873447
873476
873517
873686
873720
873813
873842
873900
873955
874004
874006
874220
874254
874353
874363
874641
874771
874789
874922
875052
875104
875318
875347
875539
875704
875801
875804
876205
876481
876492
876528
876561
876803
876820
877067
877114
877347
877489
877638
877644
877836
877904
877916
877944
878128
878134
878270
878351
878570
878609
878812
879014
879020
879063
879099
879436
879668
879752
879850
879889
879906
880176
880233
880267
880314
880556
880584
880642
880716
880749
880853
881007
881010
881020
881476
881515
881607
881662
881944
882065
882257
882336
882407
882439
882668
882742
882748
882940
882970
883100
883255
883288
883368
883647
883753
883830
884224
884407
884500
884659
884853
884974
885224
885295
885355
885360
885426
885437
885646
885693
885773
885845
886143
886215
886395
886440
886523
886555
886632
886861
886952
887096
887152
887433
887483
887532
887559
887655
887663
887703
887855
888084
888225
888255
888315
888434
888545
888921
889009
889186
890036
890138
890147
890278
890440
890475
890565
890938
891138
891230
891605
891651
892045
892133
892216
892311
892325
892376
892418
892481
892661
892726
892783
892796
892893
893290
893644
894603
894803
894824
894841
895130
895154
895321
895439
895628
895703
895781
895861
895922
895961
896128
896143
896162
896232
896260
896262
896357
896485
896648
896705
896725
896791
896855
896935
897063
897112
897738
897757
897842
898185
898203
898281
898283
898476
898500
898506
898524
898544
898662
898752
898791
898809
899001
899006
899033
899059
899626
899702
899782
899803
899825
899994
900058
900072
900287
900292
900374
900388
900556
900580
900639
900718
900749
900916
901066
901150
901190
901311
901399
901420
901606
901727
901854
901896
901904
902268
902322
902528
902674
902767
902835
902837
902856
902877
903083
903145
903453
903621
903647
903714
903784
903790
903956
904100
904195
904423
904438
904463
904809
904855
905067
905083
905408
905649
905694
905931
906477
906537
906694
906901
906971
907179
907199
907221
907237
907360
907596
907646
907915
907989
908130
908149
908235
908246
908351
908688
908951
909005
909094
909329
909342
909537
909571
909683
909696
909820
909828
909861
909881
909961
909991
910025
910026
910063
910073
910082
910219
910224
910256
910421
910454
910549
910625
910687
910703
910775
910879
910893
910967
911173
911337
911359
911398
911402
911471
911472
911517
911558
911643
911861
911878
911884
911900
911923
911935
912041
912048
912124
912151
912469
912607
912651
912724
912879
912937
913065
913116
913259
913269
913276
913310
913408
913455
913494
913658
913721
913753
913761
913846
913952
914167
914273
914342
914351
914391
914528
914609
914627
914718
914909
915172
915285
915323
915374
915397
915502
915601
915615
915664
915744
915785
915786
915884
915923
915935
916284
916323
916364
916511
916599
916691
916788
916918
917003
917050
917274
917367
917428
917462
917470
917538
917591
917627
917685
918058
918075
918197
918486
918499
918549
918639
918955
918956
919031
919103
919347
919567
919905
919965
920215
920260
920286
920362
920447
920542
920670
920811
920871
921435
921554
921562
921636
921734
921896
922083
922418
922547
922572
922591
922892
922909
923027
923189
923242
923265
923316
923427
923433
923442
923491
923648
923692
923742
923759
923876
923892
924158
924304
924416
924530
924634
924738
924957
924985
925056
925065
925089
925225
925248
925356
925525
925730
925959
926055
926214
926403
926480
926494
926582
926863
926890
926937
927002
927030
927043
927047
927050
927360
927628
927638
927640
927779
927794
927812
927997
928010
928028
928139
928233
928247
928313
928326
928340
928393
928562
928618
928754
928765
928770
928911
929010
929088
929244
929246
929301
929504
929579
929588
929621
929833
929883
929910
930136
930158
930172
930197
930292
930337
930459
930487
930630
930856
930883
930953
931011
931230
931665
931751
931763
932020
932120
932127
932138
932143
932152
932218
932588
932590
932963
933138
933143
933498
933500
933619
933752
933893
933976
934051
934090
934106
934160
934161
934297
934320
934429
934684
934827
934854
934896
934939
934990
935030
935141
935354
935450
935839
936020
936161
936163
936212
936301
936333
936388
936436
936519
936547
936591
936594
936793
936838
936850
936851
936991
937159
937222
937265
937270
937348
937376
937442
937457
937459
937670
937716
937754
937865
937985
938098
938208
938219
938296
938472
938487
938681
938716
938787
938808
938904
939306
939553
939570
939799
939825
939868
940162
940189
940304
940412
940435
940459
940544
940593
940669
940759
940807
940906
941194
941573
941617
941726
941801
941905
942173
942193
942214
942219
942409
942414
942428
942445
942684
942852
942980
943043
943215
943226
943274
943494
943587
943677
944031
944083
944187
944214
944369
944552
944807
944859
944923
944925
945027
945097
945382
945441
945465
945491
945533
945597
945636
945732
945799
946383
946405
946467
946498
946553
946687
946839
946975
947049
947080
947182
947254
947344
947500
947524
947562
947712
947717
948277
948309
948338
948361
948395
948399
948459
948494
948597
948741
948875
949022
949113
949242
949254
949278
949418
949438
949523
949610
949764
950182
950283
950534
950650
950691
950914
950924
950988
951060
951103
951176
951512
951518
951745
951764
952052
952071
952438
952519
952584
952600
952744
952837
952915
952949
952972
952996
953059
953138
953419
953709
953710
953846
954123
954178
954337
954346
954415
954500
954591
954718
954751
954810
954965
955141
955160
955208
955270
955323
955574
955689
955841
955858
955921
956099
956198
956586
956635
956669
956744
956767
956829
956841
957069
957086
957152
957239
957353
957390
957399
957422
957439
957469
957478
957541
957623
957666
957886
958089
958128
958135
958179
958216
958366
958385
958761
958850
958985
959247
959324
959522
959635
959648
959681
959789
959935
959949
959996
960051
960235
960270
960284
960335
960460
960491
960503
960520
960590
960591
960692
960786
960957
961041
961064
961078
961332
961339
961511
961534
961656
961661
961697
961842
961942
961958
962078
962092
962156
962329
962401
963077
963101
963298
963497
963655
963673
963753
963812
963924
963938
964132
964218
964478
964499
964535
964742
964876
965060
965121
965150
965270
965644
965689
965702
965742
965946
966037
966090
966096
966210
966244
966412
966452
966533
966585
966621
966793
966864
966932
966989
967110
967177
967224
967302
967352
967454
967749
967964
967977
968175
968456
968471
968569
968630
968660
968696
968814
968892
968984
969029
969095
969253
969321
969335
969381
969525
969667
969703
969708
969883
969906
969918
969950
970073
970191
970285
970408
970482
970773
970776
970801
970831
970860
971035
971221
971289
971355
971504
971670
971709
971745
971954
971990
971994
972098
972156
972176
972233
972291
972370
972522
972800
972840
972961
973007
973111
973132
973143
973174
973455
973694
973817
973886
974109
974131
974200
974278
974435
974467
974632
974677
974758
974840
974902
975376
975425
975459
975717
975848
975878
975898
975944
975979
976032
976179
976402
976504
976553
976649
976707
976795
976967
977088
977130
977161
977285
977301
977324
977480
977797
977886
977964
978285
978346
978395
978442
978471
978487
979025
979183
979468
979582
979670
979730
979770
979827
979881
979894
980011
980075
980189
980287
980378
980605
980656
980878
980908
980965
980967
981009
981013
981350
981404
981528
981628
981727
981864
981885
981915
982068
982233
982337
982510
982738
982754
982828
983031
983230
983391
983598
983633
983840
983946
984041
984049
984191
984358
984615
984675
984716
984801
984858
984955
985097
985408
985456
985494
985580
985617
985667
985763
985811
985869
985993
986012
986321
986796
986881
986954
987035
987046
987235
987383
987452
987536
987655
987699
987755
987774
987796
987818
988021
988142
988148
988193
988225
988586
988601
988652
988758
988760
988849
988888
988895
989178
989223
989245
989507
989553
989556
989620
989725
989762
989827
989885
989985
990018
990070
990097
990233
990264
990397
990413
990655
990983
991137
991404
991522
991684
991700
991977
992061
992067
992144
992147
992335
992587
992705
992722
992732
992856
992891
992908
993192
993587
993613
993737
993741
993810
993908
993966
993969
994142
994159
994229
994286
994549
994710
994781
994940
995073
995186
995239
995444
995521
995693
995694
995812
996023
996088
996485
996537
996636
996686
996827
996832
996900
996913
996919
997110
997173
997319
997321
997763
997840
997923
997934
997960
998162
998180
998240
998455
998519
998525
998600
998644
998654
998725
998899
999067
999075
999104
999165
999302
999364
999644
999667
999791
999847
999863
999867
999904
