1
2
3
3
3
3
4
4
7
8
8
8
8
10
10
11
12
12
13
13
13
14
15
16
17
17
18
18
21
22
24
24
25
26
26
28
28
29
29
30
31
31
32
32
32
33
33
34
35
37
38
38
38
39
39
40
40
41
42
44
45
45
46
46
48
51
52
53
53
56
56
56
57
58
58
58
60
60
60
60
60
62
63
63
67
68
68
68
68
68
70
72
73
75
76
77
77
77
77
78
80
80
81
81
82
83
83
84
85
86
86
86
87
87
88
88
89
89
90
91
91
92
94
95
95
95
97
97
99
101
101
102
103
105
105
105
106
106
106
108
109
110
111
111
111
112
116
116
119
119
120
120
120
120
122
122
123
125
125
126
127
127
127
127
129
129
129
130
130
132
132
133
134
134
136
136
137
138
138
139
140
141
141
142
142
142
143
143
143
143
144
144
146
147
147
148
148
150
150
151
152
152
154
154
155
156
156
156
156
157
157
157
159
159
160
160
162
162
162
163
163
165
166
167
167
168
168
170
171
173
173
173
176
176
177
178
178
179
181
181
181
182
182
182
184
184
185
186
187
187
188
189
189
190
191
191
193
193
194
195
196
197
197
197
197
199
200
201
202
203
203
204
204
204
206
207
208
209
209
210
210
211
212
213
214
215
216
216
218
219
220
222
222
224
224
225
225
228
228
229
230
233
233
234
234
234
236
236
237
238
238
239
239
240
240
240
240
240
244
244
247
247
248
248
248
248
249
249
250
250
250
251
251
251
251
252
252
253
253
254
255
256
257
257
257
260
260
261
261
263
263
263
263
264
264
265
266
266
266
267
268
270
271
272
274
279
280
280
280
282
282
282
283
283
283
287
288
289
289
290
292
292
293
293
293
296
296
298
298
299
299
305
306
307
307
308
308
312
312
313
314
315
316
321
323
324
325
327
327
331
331
331
331
332
333
334
335
336
337
337
337
337
338
338
338
338
339
339
341
341
342
343
343
347
347
348
348
348
348
351
352
352
352
353
355
355
356
356
357
357
358
358
360
361
362
364
365
367
368
368
368
370
371
372
372
372
373
373
374
374
374
375
375
375
377
378
379
380
380
382
383
383
383
384
385
385
385
386
386
387
387
389
391
392
393
393
394
394
394
394
394
396
396
396
397
399
399
399
399
399
399
400
400
401
401
402
402
403
404
404
404
405
405
405
405
409
410
411
412
415
415
416
416
417
417
418
421
422
422
424
424
425
425
427
428
428
429
429
429
430
430
434
435
436
436
437
437
438
438
439
440
440
441
441
441
441
442
443
443
444
449
449
450
452
454
454
454
456
457
457
457
459
460
464
464
465
466
468
468
469
469
473
474
474
475
477
478
478
479
479
481
482
482
482
482
483
483
487
488
488
488
488
489
490
490
490
490
492
493
494
495
495
498
498
499
499
500
501
502
502
503
503
504
506
506
507
507
507
507
507
509
510
510
510
511
511
512
512
514
516
516
516
517
518
518
519
519
520
520
521
521
525
525
526
526
530
530
530
531
531
532
534
534
534
535
536
538
538
540
541
542
542
546
547
547
549
549
549
550
551
551
553
553
553
555
556
556
556
557
558
560
560
561
562
562
563
568
568
571
572
573
574
575
575
576
576
577
577
578
579
579
579
579
579
580
580
581
581
581
583
583
583
584
585
585
587
587
587
587
588
588
589
589
590
591
592
595
597
597
598
598
602
602
602
603
603
604
604
605
605
605
606
606
607
607
609
610
611
611
613
615
615
616
616
616
619
619
621
621
623
623
623
624
624
625
626
627
627
628
631
632
632
633
634
635
635
638
638
638
640
641
643
643
643
643
644
645
646
647
648
649
649
649
652
654
654
654
655
655
656
657
660
662
662
662
662
663
663
664
665
665
665
666
666
667
667
670
671
671
678
680
680
680
682
683
684
684
685
685
688
689
691
692
692
693
693
693
693
694
696
696
696
697
697
698
698
698
698
699
702
702
702
704
706
706
710
712
713
713
714
715
715
715
716
716
716
718
719
719
719
721
721
725
727
728
728
729
729
729
730
730
731
733
734
734
734
735
736
736
736
736
737
737
737
738
739
739
740
742
742
745
749
749
749
751
752
755
756
756
757
757
758
758
758
759
760
760
760
761
761
762
763
764
765
766
768
769
769
770
770
771
774
776
777
777
777
777
778
778
779
779
779
779
779
779
780
780
780
781
782
784
785
786
786
786
786
787
788
788
790
790
792
792
794
794
795
795
798
800
800
802
804
804
806
806
807
807
812
815
815
816
818
818
818
818
820
820
822
823
823
824
825
826
827
827
827
828
830
830
831
831
831
832
832
834
834
835
835
836
837
837
837
838
838
839
840
843
844
844
844
845
845
845
846
848
848
848
849
850
851
851
852
852
852
853
854
857
858
858
859
860
861
863
863
863
864
865
866
866
867
867
868
870
870
870
871
871
871
871
872
874
874
875
876
877
879
882
882
883
883
883
883
884
885
885
885
887
890
891
892
892
893
894
894
895
895
896
896
897
898
899
899
900
901
901
901
902
904
904
904
904
904
905
905
906
910
911
912
913
914
915
916
918
918
918
919
919
920
923
924
924
924
925
926
927
927
927
928
928
929
929
929
930
931
932
933
933
934
934
934
937
938
938
940
940
940
940
941
942
944
944
944
944
945
945
946
946
948
948
949
951
952
953
953
953
954
955
955
955
956
958
959
959
962
963
963
965
965
967
969
975
976
976
976
977
977
977
977
978
979
980
982
983
983
983
985
986
986
989
990
991
991
991
992
992
992
993
996
996
997
1000
1000
1001
1001
1001
1002
1002
1003
1004
1005
1005
1005
1005
1005
1007
1007
1008
1008
1009
1010
1011
1011
1012
1012
1014
1014
1015
1017
1017
1017
1017
1019
1019
1020
1020
1020
1022
1022
1022
1024
1025
1025
1026
1026
1028
1028
1029
1031
1031
1031
1033
1033
1034
1037
1039
1042
1043
1044
1044
1044
1045
1045
1046
1046
1046
1047
1049
1049
1053
1054
1054
1055
1056
1056
1057
1057
1057
1057
1058
1058
1059
1059
1059
1061
1061
1062
1062
1062
1063
1063
1065
1066
1067
1069
1069
1072
1072
1072
1073
1073
1076
1077
1079
1082
1082
1083
1083
1086
1087
1087
1089
1090
1092
1095
1096
1098
1100
1101
1101
1102
1102
1103
1103
1103
1105
1106
1106
1107
1107
1108
1110
1110
1111
1111
1112
1112
1112
1112
1113
1113
1114
1116
1118
1118
1120
1120
1120
1121
1121
1121
1122
1124
1124
1125
1125
1126
1127
1128
1128
1128
1130
1131
1131
1134
1135
1135
1136
1137
1139
1139
1139
1141
1142
1143
1143
1144
1145
1145
1146
1148
1148
1149
1149
1150
1151
1151
1151
1151
1153
1153
1153
1153
1154
1154
1155
1155
1156
1157
1157
1159
1160
1160
1163
1165
1166
1166
1168
1168
1168
1169
1169
1169
1169
1170
1170
1171
1171
1172
1173
1174
1178
1179
1179
1180
1180
1181
1181
1182
1184
1185
1185
1185
1186
1187
1187
1187
1188
1190
1190
1191
1191
1191
1191
1192
1192
1193
1193
1194
1194
1195
1196
1196
1196
1197
1197
1200
1200
1202
1202
1204
1204
1204
1204
1205
1205
1205
1208
1209
1209
1211
1211
1212
1212
1213
1214
1214
1214
1215
1216
1216
1216
1219
1219
1220
1221
1222
1223
1224
1225
1227
1228
1228
1228
1231
1231
1232
1233
1235
1238
1238
1240
1241
1241
1243
1243
1243
1244
1246
1246
1247
1250
1251
1251
1253
1253
1253
1254
1254
1255
1255
1255
1255
1256
1257
1258
1260
1261
1262
1263
1263
1263
1264
1264
1266
1267
1268
1268
1269
1271
1271
1271
1271
1272
1272
1272
1273
1273
1276
1277
1277
1278
1279
1281
1281
1282
1283
1283
1285
1287
1289
1289
1290
1291
1292
1293
1295
1297
1298
1298
1302
1302
1302
1302
1303
1304
1304
1304
1305
1306
1306
1307
1308
1308
1308
1309
1309
1309
1311
1311
1311
1311
1312
1312
1312
1313
1313
1313
1313
1316
1317
1317
1317
1318
1318
1320
1320
1320
1321
1321
1322
1323
1323
1324
1327
1329
1330
1331
1332
1334
1334
1335
1336
1339
1341
1342
1343
1344
1344
1345
1345
1346
1350
1350
1351
1352
1352
1353
1353
1353
1353
1353
1354
1354
1354
1356
1356
1358
1359
1365
1365
1365
1366
1366
1367
1367
1367
1368
1368
1368
1369
1369
1369
1370
1371
1372
1372
1372
1373
1374
1375
1376
1376
1377
1377
1377
1378
1379
1379
1379
1380
1380
1380
1381
1382
1384
1384
1385
1385
1385
1386
1386
1386
1387
1389
1390
1390
1391
1393
1396
1397
1399
1401
1402
1402
1403
1403
1403
1405
1406
1406
1408
1409
1409
1409
1411
1411
1411
1412
1412
1412
1413
1413
1413
1414
1414
1415
1416
1416
1416
1417
1417
1419
1419
1420
1422
1422
1423
1425
1425
1426
1427
1427
1428
1428
1428
1429
1429
1430
1432
1433
1433
1433
1433
1433
1437
1437
1438
1440
1441
1441
1442
1443
1443
1444
1445
1445
1446
1446
1446
1447
1447
1449
1449
1451
1451
1451
1454
1454
1455
1457
1457
1458
1458
1459
1461
1462
1462
1463
1464
1465
1465
1465
1465
1466
1467
1468
1469
1469
1470
1470
1471
1471
1471
1472
1472
1475
1475
1475
1475
1476
1477
1478
1478
1479
1480
1481
1481
1483
1483
1485
1485
1485
1485
1485
1486
1486
1486
1488
1489
1489
1489
1492
1493
1493
1493
1493
1494
1496
1496
1497
1497
1498
1498
1499
1499
1502
1503
1503
1504
1505
1507
1508
1509
1509
1510
1510
1511
1512
1512
1515
1516
1516
1516
1520
1520
1521
1522
1522
1523
1525
1525
1525
1525
1526
1526
1527
1528
1528
1529
1530
1531
1531
1531
1532
1532
1533
1534
1535
1535
1540
1541
1541
1541
1542
1544
1544
1545
1546
1547
1547
1547
1548
1551
1551
1553
1553
1553
1554
1554
1556
1557
1558
1558
1558
1560
1560
1562
1562
1562
1563
1564
1565
1566
1567
1568
1569
1571
1572
1574
1574
1575
1575
1575
1577
1578
1579
1580
1580
1582
1584
1585
1586
1586
1587
1587
1588
1588
1589
1591
1591
1591
1592
1593
1595
1596
1597
1597
1597
1602
1603
1603
1605
1607
1608
1609
1610
1610
1611
1611
1612
1612
1613
1614
1614
1615
1615
1616
1617
1617
1617
1618
1618
1618
1619
1620
1621
1621
1624
1626
1627
1632
1633
1634
1634
1634
1638
1638
1640
1640
1640
1641
1642
1643
1644
1644
1645
1645
1647
1649
1649
1650
1650
1651
1651
1651
1651
1651
1653
1656
1656
1656
1656
1657
1657
1657
1658
1658
1658
1660
1661
1661
1663
1663
1663
1664
1666
1667
1667
1668
1668
1669
1669
1670
1671
1673
1675
1676
1676
1676
1678
1680
1680
1680
1681
1682
1682
1682
1683
1683
1685
1685
1687
1687
1688
1689
1689
1690
1690
1690
1691
1693
1693
1694
1694
1695
1695
1695
1696
1696
1697
1698
1699
1699
1699
1699
1701
1702
1703
1703
1704
1707
1709
1709
1710
1713
1713
1715
1715
1717
1717
1717
1718
1719
1720
1720
1721
1721
1721
1722
1722
1723
1723
1725
1727
1728
1730
1730
1730
1732
1732
1734
1735
1735
1736
1737
1737
1737
1738
1741
1742
1742
1742
1743
1743
1744
1747
1747
1748
1749
1749
1749
1750
1750
1750
1750
1751
1752
1752
1753
1754
1754
1756
1757
1757
1759
1759
1760
1760
1761
1762
1764
1765
1765
1766
1766
1767
1769
1769
1771
1772
1772
1772
1773
1774
1774
1776
1778
1778
1779
1779
1779
1780
1780
1781
1781
1782
1782
1783
1785
1785
1786
1786
1788
1791
1791
1792
1794
1794
1795
1795
1795
1797
1798
1799
1800
1800
1801
1802
1805
1805
1806
1806
1806
1807
1808
1809
1809
1810
1811
1811
1812
1813
1816
1817
1818
1818
1820
1821
1821
1822
1822
1823
1825
1827
1827
1831
1831
1832
1835
1835
1835
1836
1837
1837
1837
1837
1838
1840
1841
1843
1845
1845
1845
1847
1848
1850
1850
1852
1852
1854
1854
1855
1855
1856
1856
1856
1857
1858
1859
1860
1860
1860
1861
1861
1862
1862
1863
1864
1865
1867
1872
1872
1873
1874
1875
1876
1876
1876
1877
1878
1879
1880
1880
1881
1882
1883
1883
1884
1885
1885
1886
1886
1887
1888
1888
1888
1889
1890
1891
1891
1893
1894
1894
1895
1896
1898
1899
1899
1899
1899
1900
1902
1902
1904
1904
1904
1905
1905
1905
1906
1906
1907
1908
1908
1910
1910
1910
1910
1911
1911
1914
1914
1914
1917
1919
1921
1921
1922
1922
1924
1924
1925
1926
1926
1927
1927
1927
1928
1928
1929
1929
1930
1932
1932
1932
1933
1933
1934
1934
1934
1934
1934
1935
1935
1935
1936
1938
1939
1939
1942
1942
1943
1944
1945
1945
1946
1947
1948
1948
1949
1950
1950
1950
1950
1951
1951
1951
1952
1953
1953
1954
1955
1957
1958
1961
1965
1965
1967
1968
1970
1970
1972
1973
1973
1973
1973
1973
1975
1976
1977
1977
1977
1977
1977
1978
1979
1982
1983
1983
1983
1984
1985
1986
1986
1986
1987
1987
1988
1988
1990
1992
1994
1995
1995
1997
1997
1999
1999
2000
2001
2002
2004
2004
2005
2006
2006
2008
2008
2009
2009
2011
2013
2015
2016
2016
2017
2018
2020
2021
2021
2021
2021
2022
2024
2024
2025
2025
2028
2029
2029
2030
2030
2031
2031
2031
2031
2032
2033
2034
2034
2037
2038
2039
2039
2039
2040
2041
2041
2042
2043
2043
2044
2045
2045
2047
2047
2049
2050
2051
2051
2052
2052
2052
2054
2054
2054
2054
2055
2055
2059
2060
2060
2060
2060
2060
2061
2062
2063
2063
2063
2064
2065
2065
2065
2066
2067
2067
2067
2068
2068
2068
2068
2071
2073
2073
2073
2074
2075
2079
2080
2080
2080
2080
2080
2081
2083
2083
2084
2084
2085
2085
2086
2086
2088
2088
2089
2090
2090
2091
2092
2093
2094
2095
2096
2096
2097
2098
2098
2101
2101
2101
2101
2103
2103
2104
2104
2105
2105
2107
2107
2108
2108
2108
2108
2109
2109
2110
2112
2112
2114
2115
2115
2116
2116
2117
2117
2118
2118
2119
2119
2119
2120
2121
2121
2121
2121
2123
2124
2126
2127
2127
2128
2128
2128
2128
2129
2131
2132
2133
2134
2134
2134
2135
2135
2135
2138
2139
2139
2140
2140
2141
2142
2142
2142
2143
2146
2146
2147
2147
2147
2149
2151
2151
2152
2154
2154
2154
2155
2156
2158
2158
2159
2159
2160
2160
2161
2162
2162
2162
2162
2163
2164
2164
2164
2165
2165
2166
2168
2168
2169
2169
2170
2170
2170
2171
2172
2172
2173
2173
2174
2177
2179
2181
2182
2183
2183
2183
2184
2184
2185
2186
2188
2188
2188
2188
2189
2190
2193
2193
2195
2196
2198
2198
2200
2201
2201
2202
2204
2206
2206
2208
2208
2210
2211
2212
2212
2213
2214
2214
2215
2216
2216
2218
2219
2221
2221
2222
2223
2224
2225
2227
2227
2228
2228
2229
2230
2230
2231
2231
2231
2231
2231
2232
2233
2234
2235
2239
2242
2243
2244
2245
2246
2246
2246
2247
2248
2248
2248
2250
2252
2252
2252
2252
2252
2253
2253
2254
2255
2255
2255
2256
2257
2259
2260
2260
2264
2264
2265
2265
2265
2267
2268
2270
2272
2273
2273
2277
2279
2279
2279
2279
2281
2282
2282
2284
2284
2285
2285
2286
2287
2287
2288
2291
2291
2293
2293
2293
2294
2294
2295
2296
2296
2296
2298
2298
2299
2300
2301
2301
2302
2302
2303
2304
2306
2306
2306
2307
2308
2309
2310
2310
2310
2311
2311
2312
2312
2313
2314
2315
2315
2317
2317
2318
2318
2318
2318
2321
2321
2323
2324
2324
2324
2326
2326
2326
2327
2328
2331
2332
2334
2334
2335
2336
2336
2336
2336
2336
2337
2339
2341
2341
2342
2342
2343
2343
2344
2344
2345
2345
2345
2345
2345
2347
2348
2349
2349
2350
2351
2352
2354
2354
2354
2354
2355
2356
2356
2358
2358
2358
2359
2359
2359
2361
2362
2362
2363
2363
2364
2364
2365
2367
2368
2369
2371
2371
2371
2371
2372
2373
2373
2374
2374
2376
2376
2377
2384
2385
2386
2387
2387
2388
2389
2391
2394
2395
2395
2395
2396
2396
2397
2398
2398
2400
2402
2404
2404
2406
2406
2406
2406
2406
2406
2407
2407
2408
2408
2408
2408
2408
2411
2412
2413
2414
2415
2417
2418
2418
2419
2419
2419
2421
2421
2422
2425
2425
2425
2426
2427
2429
2430
2431
2432
2432
2433
2433
2434
2435
2435
2436
2436
2436
2437
2438
2439
2439
2440
2441
2441
2442
2442
2444
2444
2446
2447
2448
2449
2450
2451
2452
2453
2454
2454
2455
2455
2455
2456
2456
2456
2457
2457
2458
2459
2460
2460
2460
2461
2461
2463
2463
2465
2466
2466
2467
2467
2468
2472
2472
2473
2473
2474
2474
2474
2475
2476
2478
2479
2480
2482
2483
2483
2484
2487
2488
2489
2489
2491
2494
2495
2495
2496
2496
2496
2497
2498
2498
2498
2500
2501
2501
2502
2503
2503
2504
2505
2505
2506
2506
2507
2508
2509
2509
2510
2510
2511
2512
2513
2514
2515
2515
2516
2517
2518
2518
2519
2520
2521
2522
2522
2523
2525
2526
2526
2526
2527
2527
2527
2527
2528
2529
2529
2533
2534
2535
2535
2535
2535
2536
2536
2537
2537
2537
2537
2537
2537
2538
2538
2541
2541
2542
2543
2543
2544
2544
2545
2546
2546
2547
2549
2549
2550
2550
2550
2550
2550
2551
2553
2553
2553
2555
2557
2557
2558
2559
2560
2561
2561
2562
2562
2563
2564
2564
2564
2565
2565
2565
2566
2566
2567
2568
2569
2569
2570
2570
2571
2571
2571
2572
2572
2574
2574
2575
2576
2577
2577
2577
2578
2579
2580
2581
2582
2582
2583
2584
2584
2585
2586
2588
2588
2588
2589
2589
2589
2590
2590
2591
2592
2592
2592
2593
2595
2597
2597
2598
2598
2599
2599
2600
2600
2601
2601
2601
2602
2603
2604
2604
2605
2607
2609
2609
2609
2610
2612
2616
2616
2616
2616
2617
2618
2618
2620
2621
2622
2623
2623
2624
2624
2625
2626
2626
2627
2627
2628
2629
2630
2630
2632
2633
2633
2637
2638
2639
2639
2639
2639
2640
2642
2643
2643
2643
2643
2644
2644
2645
2645
2646
2648
2649
2649
2649
2652
2653
2653
2655
2656
2657
2657
2657
2658
2658
2659
2660
2660
2660
2661
2662
2662
2663
2664
2665
2667
2668
2670
2670
2670
2671
2671
2672
2673
2673
2674
2674
2675
2675
2676
2676
2679
2680
2681
2682
2683
2683
2683
2684
2685
2688
2688
2690
2690
2690
2694
2694
2696
2698
2699
2700
2700
2701
2701
2702
2702
2705
2705
2705
2706
2707
2708
2708
2710
2710
2712
2712
2713
2713
2714
2714
2714
2716
2717
2718
2719
2719
2719
2720
2720
2720
2721
2723
2725
2725
2725
2725
2727
2728
2729
2732
2732
2733
2733
2734
2734
2734
2734
2735
2736
2736
2737
2739
2739
2741
2742
2743
2743
2743
2744
2744
2744
2745
2746
2747
2747
2749
2750
2750
2751
2751
2752
2754
2754
2754
2755
2757
2757
2759
2760
2762
2763
2763
2764
2764
2766
2767
2767
2771
2772
2774
2774
2777
2784
2785
2786
2786
2787
2787
2788
2788
2788
2789
2790
2791
2791
2791
2793
2793
2794
2794
2794
2795
2796
2798
2798
2799
2800
2802
2803
2804
2805
2806
2807
2807
2809
2810
2810
2811
2812
2812
2812
2812
2814
2815
2816
2817
2818
2819
2820
2820
2821
2821
2822
2822
2823
2823
2824
2825
2826
2826
2826
2827
2828
2829
2829
2831
2833
2834
2835
2837
2838
2840
2842
2842
2842
2843
2844
2846
2846
2846
2847
2849
2849
2849
2851
2853
2853
2855
2855
2856
2856
2856
2857
2857
2857
2857
2857
2858
2858
2859
2860
2860
2861
2862
2862
2863
2864
2865
2866
2866
2868
2868
2870
2871
2871
2871
2872
2872
2872
2874
2874
2875
2879
2879
2879
2879
2880
2880
2880
2883
2883
2884
2884
2885
2886
2886
2886
2888
2888
2889
2890
2890
2891
2893
2893
2893
2894
2894
2895
2896
2896
2896
2896
2897
2898
2898
2900
2901
2901
2902
2902
2903
2905
2906
2907
2909
2910
2910
2910
2912
2915
2915
2915
2917
2917
2918
2919
2920
2921
2923
2923
2927
2927
2927
2929
2929
2929
2929
2929
2929
2930
2931
2932
2932
2932
2933
2933
2933
2934
2934
2935
2935
2936
2938
2939
2939
2940
2942
2942
2944
2944
2944
2945
2946
2946
2947
2948
2948
2951
2952
2953
2954
2954
2955
2959
2959
2962
2962
2962
2963
2964
2965
2966
2966
2967
2968
2969
2969
2971
2972
2973
2973
2973
2974
2976
2977
2978
2978
2979
2979
2979
2981
2982
2984
2985
2987
2988
2991
2991
2991
2992
2992
2992
2992
2993
2994
2995
2997
2997
2998
2998
2998
2998
2999
2999
3000
3001
3001
3001
3002
3003
3003
3005
3006
3007
3008
3008
3009
3012
3012
3013
3014
3014
3014
3016
3016
3018
3019
3019
3019
3022
3022
3023
3023
3024
3026
3026
3028
3029
3030
3031
3032
3033
3034
3034
3034
3037
3037
3038
3038
3039
3040
3042
3043
3044
3046
3046
3046
3047
3048
3049
3050
3050
3051
3052
3053
3056
3056
3056
3056
3056
3057
3058
3058
3058
3059
3061
3061
3062
3062
3062
3062
3062
3063
3063
3064
3064
3064
3065
3065
3065
3067
3067
3068
3068
3069
3070
3073
3073
3075
3076
3078
3079
3079
3081
3081
3081
3082
3082
3083
3083
3084
3085
3087
3087
3087
3087
3088
3088
3089
3090
3091
3092
3092
3093
3093
3094
3094
3094
3095
3095
3096
3096
3097
3097
3098
3098
3099
3099
3099
3101
3102
3102
3102
3104
3106
3106
3107
3107
3108
3108
3109
3111
3111
3114
3115
3115
3116
3117
3118
3120
3120
3122
3123
3127
3128
3129
3130
3130
3131
3131
3131
3133
3135
3136
3137
3139
3141
3141
3142
3143
3144
3144
3145
3146
3147
3148
3149
3150
3150
3151
3151
3152
3156
3156
3159
3160
3162
3162
3163
3164
3165
3165
3166
3167
3168
3169
3170
3171
3172
3172
3172
3173
3174
3174
3174
3174
3174
3175
3175
3175
3178
3178
3179
3181
3182
3182
3184
3184
3184
3188
3188
3190
3190
3191
3192
3194
3197
3198
3198
3198
3199
3201
3202
3203
3204
3206
3206
3206
3207
3208
3208
3209
3210
3211
3211
3213
3215
3216
3218
3218
3218
3219
3219
3222
3223
3223
3224
3225
3225
3227
3227
3230
3231
3232
3232
3232
3233
3234
3234
3234
3235
3237
3237
3238
3239
3239
3239
3240
3241
3243
3244
3244
3245
3245
3246
3248
3248
3248
3249
3251
3251
3251
3253
3253
3254
3255
3255
3256
3258
3259
3259
3260
3260
3260
3261
3261
3263
3263
3263
3264
3265
3266
3266
3266
3268
3269
3269
3270
3271
3271
3273
3273
3273
3274
3274
3275
3276
3276
3276
3277
3277
3278
3280
3285
3285
3287
3288
3290
3290
3290
3290
3292
3293
3293
3293
3293
3295
3296
3297
3297
3298
3298
3298
3299
3299
3300
3301
3302
3302
3303
3304
3304
3305
3305
3306
3306
3307
3307
3308
3309
3309
3309
3311
3312
3313
3314
3315
3315
3318
3318
3318
3321
3321
3322
3322
3324
3325
3325
3326
3326
3327
3328
3329
3329
3331
3332
3333
3333
3335
3335
3336
3337
3338
3339
3339
3340
3340
3341
3343
3343
3344
3344
3346
3346
3346
3347
3347
3347
3348
3348
3348
3348
3349
3349
3350
3353
3354
3355
3356
3357
3357
3360
3360
3361
3361
3362
3364
3365
3365
3366
3366
3369
3371
3371
3372
3373
3374
3374
3374
3375
3375
3375
3376
3376
3376
3376
3377
3378
3378
3379
3381
3382
3382
3383
3384
3386
3386
3387
3387
3389
3389
3390
3391
3391
3392
3393
3395
3397
3397
3398
3399
3399
3399
3400
3401
3402
3402
3403
3403
3404
3404
3404
3406
3409
3409
3410
3411
3413
3414
3414
3414
3415
3415
3416
3416
3417
3417
3420
3420
3421
3421
3422
3423
3424
3425
3425
3427
3429
3429
3430
3432
3433
3433
3433
3435
3435
3435
3436
3437
3437
3437
3438
3438
3440
3440
3440
3441
3442
3443
3444
3445
3446
3446
3446
3447
3448
3449
3449
3449
3451
3452
3452
3453
3453
3453
3454
3454
3455
3455
3456
3456
3457
3457
3458
3459
3460
3461
3461
3462
3463
3463
3464
3465
3468
3468
3468
3468
3469
3469
3471
3471
3471
3472
3475
3475
3477
3478
3478
3478
3479
3480
3480
3482
3483
3484
3485
3487
3487
3488
3488
3489
3495
3496
3498
3499
3499
3499
3499
3502
3504
3504
3505
3506
3507
3508
3509
3511
3512
3513
3513
3513
3513
3514
3515
3516
3517
3519
3519
3520
3520
3520
3521
3522
3524
3525
3526
3526
3527
3527
3528
3528
3530
3531
3531
3532
3532
3533
3534
3534
3534
3535
3537
3537
3538
3538
3538
3541
3542
3544
3545
3547
3547
3547
3550
3550
3550
3550
3551
3553
3554
3555
3557
3557
3557
3557
3558
3560
3561
3562
3563
3564
3564
3567
3567
3568
3569
3570
3570
3570
3571
3572
3573
3573
3575
3576
3576
3578
3579
3581
3582
3582
3583
3583
3584
3584
3585
3586
3587
3587
3589
3590
3590
3592
3595
3595
3596
3596
3598
3598
3598
3599
3600
3601
3602
3603
3603
3604
3604
3605
3606
3606
3607
3608
3608
3608
3608
3609
3609
3609
3611
3613
3614
3616
3618
3618
3618
3619
3620
3621
3621
3623
3623
3624
3624
3625
3626
3626
3626
3627
3628
3628
3628
3629
3629
3629
3630
3630
3632
3637
3637
3638
3638
3638
3639
3640
3642
3644
3644
3644
3645
3646
3647
3648
3649
3651
3654
3654
3659
3660
3660
3665
3666
3666
3666
3667
3668
3668
3668
3669
3672
3672
3673
3673
3673
3674
3674
3676
3678
3680
3680
3681
3681
3682
3683
3683
3684
3684
3684
3684
3685
3686
3686
3686
3686
3688
3688
3690
3690
3690
3691
3692
3693
3693
3695
3697
3697
3699
3699
3702
3702
3703
3707
3707
3709
3709
3709
3710
3711
3713
3713
3715
3717
3717
3718
3718
3718
3719
3719
3720
3721
3721
3721
3722
3722
3723
3724
3727
3728
3729
3729
3729
3729
3730
3730
3730
3731
3733
3734
3738
3740
3741
3744
3745
3746
3747
3748
3749
3749
3749
3750
3750
3751
3752
3753
3753
3753
3754
3755
3756
3757
3757
3757
3758
3758
3758
3760
3760
3761
3762
3763
3766
3766
3767
3767
3767
3767
3767
3768
3770
3771
3771
3771
3772
3772
3772
3772
3773
3773
3774
3774
3774
3775
3776
3777
3777
3777
3778
3781
3781
3783
3783
3783
3783
3783
3784
3786
3787
3789
3790
3790
3791
3791
3792
3792
3793
3794
3795
3795
3795
3796
3797
3800
3800
3804
3804
3804
3805
3805
3808
3809
3809
3810
3811
3812
3812
3814
3815
3815
3815
3816
3816
3817
3818
3819
3819
3821
3821
3822
3824
3824
3825
3826
3828
3828
3829
3829
3830
3830
3831
3832
3833
3834
3834
3834
3835
3835
3836
3836
3837
3838
3838
3839
3839
3839
3840
3840
3841
3841
3843
3844
3845
3845
3846
3847
3847
3848
3848
3850
3851
3852
3853
3853
3853
3854
3855
3856
3856
3857
3857
3858
3861
3861
3861
3863
3863
3864
3866
3866
3866
3868
3869
3869
3869
3872
3872
3872
3872
3873
3874
3875
3875
3876
3878
3878
3878
3879
3880
3882
3884
3884
3885
3885
3887
3888
3889
3889
3890
3890
3891
3891
3893
3894
3894
3894
3894
3895
3895
3896
3897
3898
3898
3899
3899
3900
3900
3901
3902
3902
3902
3902
3904
3905
3905
3906
3907
3908
3908
3909
3909
3910
3910
3910
3910
3910
3911
3912
3912
3913
3914
3915
3915
3915
3916
3916
3917
3918
3918
3919
3919
3920
3920
3920
3921
3923
3924
3925
3926
3926
3927
3929
3931
3931
3931
3931
3932
3933
3933
3933
3933
3934
3934
3934
3934
3934
3934
3934
3935
3936
3938
3938
3939
3939
3939
3940
3941
3942
3943
3943
3943
3944
3944
3947
3947
3948
3948
3949
3950
3950
3950
3950
3950
3951
3951
3951
3951
3951
3952
3952
3954
3956
3956
3956
3956
3957
3958
3959
3959
3960
3962
3966
3966
3967
3969
3970
3972
3972
3975
3977
3978
3979
3979
3981
3982
3982
3983
3983
3984
3985
3986
3986
3986
3986
3989
3989
3990
3991
3991
3991
3993
3995
3996
3997
3997
3998
3999
3999
3999
3999
4001
4002
4003
4003
4004
4004
4005
4006
4006
4007
4007
4008
4010
4010
4010
4012
4013
4013
4013
4014
4014
4015
4015
4016
4017
4018
4018
4018
4019
4019
4020
4020
4020
4022
4024
4025
4027
4028
4028
4029
4029
4031
4033
4034
4034
4035
4036
4036
4037
4038
4038
4038
4038
4040
4041
4042
4042
4043
4046
4046
4046
4047
4047
4048
4049
4050
4051
4051
4051
4051
4052
4052
4052
4054
4055
4056
4058
4058
4059
4061
4061
4062
4062
4062
4063
4063
4064
4067
4067
4069
4070
4072
4073
4073
4073
4074
4076
4076
4076
4076
4077
4077
4078
4079
4079
4079
4079
4080
4081
4083
4083
4084
4085
4085
4087
4087
4087
4088
4088
4088
4089
4089
4090
4091
4091
4091
4092
4093
4093
4093
4094
4095
4096
4097
4097
4098
4098
4098
4099
4103
4103
4104
4106
4107
4108
4109
4113
4113
4113
4114
4114
4115
4115
4116
4117
4119
4123
4123
4126
4126
4127
4128
4129
4129
4130
4130
4132
4133
4134
4136
4136
4140
4140
4141
4143
4144
4147
4147
4149
4150
4150
4150
4151
4151
4152
4153
4153
4155
4157
4158
4158
4159
4159
4160
4161
4161
4162
4162
4163
4163
4163
4163
4164
4164
4164
4164
4166
4167
4168
4168
4169
4169
4170
4170
4173
4175
4175
4175
4175
4176
4177
4177
4179
4180
4180
4181
4183
4184
4186
4188
4189
4189
4191
4195
4195
4196
4196
4196
4196
4196
4197
4199
4199
4200
4201
4202
4202
4204
4205
4206
4206
4207
4207
4208
4208
4210
4210
4211
4211
4212
4213
4213
4214
4214
4215
4216
4218
4219
4219
4220
4220
4221
4223
4224
4224
4225
4226
4226
4227
4227
4229
4229
4231
4231
4232
4232
4232
4233
4234
4236
4236
4237
4237
4240
4240
4241
4242
4242
4243
4244
4245
4247
4249
4249
4249
4250
4250
4250
4250
4251
4252
4252
4252
4255
4255
4255
4257
4261
4262
4263
4263
4266
4267
4267
4268
4269
4269
4269
4271
4271
4271
4272
4273
4273
4275
4276
4277
4277
4278
4278
4279
4279
4280
4281
4282
4282
4282
4284
4285
4285
4286
4286
4286
4287
4287
4288
4290
4291
4291
4293
4293
4293
4296
4299
4299
4299
4299
4300
4300
4301
4301
4301
4303
4304
4306
4307
4307
4308
4309
4310
4310
4311
4311
4312
4312
4313
4313
4315
4317
4317
4318
4319
4321
4322
4323
4324
4325
4329
4329
4329
4329
4329
4330
4331
4332
4333
4335
4336
4337
4337
4337
4338
4338
4339
4340
4342
4342
4342
4343
4343
4343
4344
4345
4347
4347
4348
4348
4349
4351
4355
4355
4355
4356
4356
4356
4357
4359
4359
4360
4361
4361
4362
4363
4364
4364
4365
4366
4366
4366
4367
4367
4368
4369
4369
4369
4370
4371
4371
4371
4371
4371
4372
4372
4373
4374
4375
4376
4377
4378
4380
4380
4380
4382
4383
4384
4385
4388
4389
4389
4390
4391
4391
4391
4391
4393
4395
4396
4399
4399
4399
4402
4403
4410
4410
4411
4411
4411
4412
4412
4412
4412
4414
4415
4415
4416
4416
4416
4416
4417
4417
4417
4417
4418
4419
4421
4423
4423
4423
4424
4424
4425
4426
4426
4427
4428
4428
4429
4430
4431
4432
4433
4435
4436
4441
4443
4444
4445
4445
4446
4447
4448
4448
4448
4449
4449
4449
4450
4451
4451
4452
4453
4455
4455
4455
4458
4459
4461
4463
4464
4464
4465
4465
4465
4466
4466
4467
4467
4468
4468
4468
4469
4469
4469
4469
4470
4474
4474
4477
4478
4479
4479
4480
4480
4481
4481
4483
4484
4485
4485
4486
4489
4489
4490
4490
4491
4493
4493
4495
4495
4495
4496
4496
4496
4497
4497
4498
4498
4499
4502
4503
4504
4505
4505
4505
4506
4507
4507
4507
4509
4509
4510
4510
4511
4512
4512
4512
4513
4514
4514
4514
4514
4516
4516
4517
4518
4518
4520
4521
4522
4522
4522
4523
4523
4523
4524
4524
4527
4530
4531
4531
4531
4533
4534
4534
4535
4536
4537
4538
4542
4543
4543
4543
4544
4545
4547
4547
4548
4549
4550
4550
4550
4550
4552
4553
4553
4554
4554
4556
4557
4557
4558
4560
4561
4564
4564
4565
4565
4565
4566
4567
4569
4569
4569
4569
4569
4570
4572
4572
4573
4573
4577
4577
4577
4579
4579
4580
4580
4580
4580
4581
4582
4582
4583
4583
4583
4587
4587
4587
4588
4589
4589
4591
4592
4592
4592
4593
4594
4595
4595
4595
4595
4596
4597
4597
4597
4599
4599
4600
4601
4601
4602
4602
4603
4603
4605
4605
4606
4607
4608
4608
4610
4611
4611
4611
4612
4612
4614
4614
4615
4616
4617
4617
4619
4619
4620
4622
4622
4623
4623
4625
4625
4625
4625
4625
4627
4627
4628
4628
4629
4629
4630
4631
4634
4634
4636
4636
4636
4636
4638
4639
4639
4641
4642
4643
4644
4644
4646
4646
4646
4647
4647
4648
4650
4651
4654
4655
4655
4656
4657
4658
4658
4659
4659
4660
4660
4660
4661
4663
4664
4665
4665
4665
4666
4666
4667
4667
4668
4670
4670
4670
4670
4670
4671
4672
4672
4674
4674
4674
4675
4677
4678
4678
4680
4680
4682
4682
4683
4683
4684
4684
4684
4687
4689
4689
4690
4690
4690
4691
4691
4691
4693
4694
4695
4695
4697
4697
4700
4701
4702
4702
4702
4703
4703
4704
4704
4704
4705
4708
4709
4710
4713
4713
4713
4714
4715
4715
4717
4718
4718
4718
4719
4719
4719
4719
4719
4720
4720
4722
4723
4723
4724
4724
4725
4726
4726
4728
4729
4729
4731
4731
4731
4733
4733
4734
4734
4735
4735
4736
4737
4737
4738
4738
4738
4739
4739
4740
4741
4742
4745
4747
4748
4748
4755
4755
4755
4757
4758
4759
4760
4762
4763
4765
4766
4766
4768
4768
4770
4771
4772
4773
4774
4775
4776
4776
4776
4777
4778
4778
4779
4779
4779
4780
4782
4783
4783
4784
4784
4785
4785
4786
4786
4786
4786
4787
4787
4789
4792
4792
4794
4795
4796
4797
4797
4797
4799
4800
4801
4802
4803
4803
4806
4809
4810
4811
4811
4811
4812
4813
4814
4814
4816
4817
4818
4818
4818
4818
4819
4819
4819
4820
4821
4821
4822
4822
4823
4823
4823
4823
4823
4826
4826
4827
4827
4827
4829
4830
4834
4834
4835
4838
4838
4839
4840
4841
4841
4841
4842
4843
4843
4843
4843
4846
4847
4849
4850
4851
4853
4854
4854
4855
4855
4855
4855
4856
4856
4857
4857
4858
4859
4859
4860
4860
4861
4863
4863
4864
4864
4864
4865
4865
4866
4866
4867
4868
4869
4870
4871
4871
4872
4872
4874
4876
4876
4877
4877
4877
4878
4880
4880
4881
4881
4883
4883
4884
4884
4884
4885
4888
4889
4891
4891
4892
4892
4894
4895
4895
4896
4897
4898
4898
4899
4900
4900
4901
4902
4902
4904
4905
4906
4907
4907
4908
4908
4908
4910
4912
4913
4913
4913
4914
4915
4917
4917
4918
4918
4919
4919
4920
4921
4922
4923
4923
4924
4924
4926
4926
4926
4926
4926
4929
4930
4931
4932
4933
4933
4933
4933
4937
4939
4940
4941
4941
4941
4943
4944
4944
4945
4945
4947
4948
4950
4950
4950
4951
4953
4954
4956
4956
4956
4956
4957
4959
4960
4960
4960
4961
4964
4965
4965
4965
4966
4966
4967
4968
4969
4970
4971
4971
4971
4973
4974
4975
4975
4976
4976
4976
4977
4978
4978
4981
4981
4983
4984
4985
4988
4988
4989
4990
4990
4990
4991
4991
4992
4992
4992
4995
4995
4996
4996
4996
4997
4998
4999
4999
4999
5000
5001
5001
5002
5004
5004
5004
5005
5005
5007
5008
5008
5008
5008
5009
5010
5010
5011
5012
5013
5013
5013
5013
5013
5013
5014
5014
5014
5014
5015
5016
5017
5017
5019
5020
5020
5021
5021
5021
5022
5024
5024
5025
5025
5025
5025
5026
5026
5026
5026
5026
5027
5027
5027
5028
5030
5030
5030
5031
5031
5033
5035
5036
5037
5038
5040
5040
5041
5041
5041
5042
5043
5043
5043
5043
5045
5046
5046
5047
5047
5048
5048
5048
5051
5051
5051
5052
5053
5054
5054
5055
5055
5055
5055
5056
5056
5057
5060
5061
5061
5063
5063
5064
5069
5071
5071
5072
5072
5073
5073
5074
5074
5075
5076
5076
5077
5078
5078
5080
5081
5082
5083
5083
5084
5084
5084
5085
5086
5086
5086
5088
5088
5089
5092
5094
5094
5094
5095
5096
5096
5097
5097
5098
5099
5100
5100
5101
5102
5103
5104
5105
5105
5106
5107
5107
5111
5111
5111
5111
5112
5113
5114
5114
5115
5116
5116
5117
5118
5119
5120
5121
5124
5124
5125
5126
5127
5128
5128
5129
5130
5131
5132
5133
5134
5136
5136
5138
5139
5140
5141
5141
5142
5143
5143
5145
5145
5146
5147
5147
5147
5148
5148
5149
5151
5151
5152
5153
5154
5154
5154
5155
5155
5156
5157
5158
5159
5160
5160
5161
5161
5161
5162
5163
5167
5167
5169
5169
5169
5169
5169
5170
5170
5170
5170
5170
5171
5172
5172
5173
5175
5175
5176
5176
5176
5178
5179
5180
5180
5180
5181
5185
5185
5186
5186
5188
5188
5189
5189
5191
5192
5192
5192
5193
5193
5193
5194
5194
5197
5202
5203
5203
5205
5206
5206
5206
5207
5210
5212
5214
5215
5216
5219
5219
5220
5221
5223
5224
5224
5226
5227
5228
5228
5229
5229
5230
5230
5230
5232
5232
5233
5234
5235
5236
5237
5237
5238
5238
5238
5239
5240
5241
5242
5243
5245
5245
5246
5247
5249
5250
5251
5251
5252
5253
5253
5254
5256
5256
5258
5259
5261
5262
5263
5267
5268
5268
5270
5270
5270
5270
5270
5270
5270
5272
5272
5272
5273
5273
5274
5276
5276
5276
5277
5279
5280
5280
5280
5281
5281
5282
5284
5285
5285
5286
5287
5287
5289
5291
5293
5293
5293
5294
5294
5298
5298
5299
5299
5300
5300
5301
5301
5303
5304
5304
5305
5305
5305
5307
5307
5307
5307
5308
5309
5309
5309
5311
5311
5312
5313
5313
5314
5315
5315
5316
5316
5317
5318
5318
5319
5319
5320
5321
5322
5322
5323
5325
5325
5326
5326
5326
5326
5326
5326
5327
5328
5329
5329
5329
5330
5330
5330
5332
5334
5335
5335
5336
5337
5337
5338
5338
5338
5338
5339
5340
5341
5341
5341
5342
5343
5344
5345
5346
5347
5349
5352
5352
5353
5354
5354
5356
5356
5357
5359
5360
5362
5363
5364
5365
5366
5366
5367
5369
5369
5370
5371
5371
5372
5372
5373
5374
5374
5376
5377
5377
5377
5378
5378
5379
5380
5380
5381
5382
5383
5384
5384
5385
5385
5387
5388
5390
5391
5391
5394
5395
5397
5397
5398
5399
5400
5400
5402
5402
5403
5403
5403
5404
5405
5407
5407
5407
5408
5410
5410
5414
5415
5417
5417
5417
5417
5417
5419
5419
5420
5421
5421
5422
5424
5425
5426
5429
5429
5430
5431
5432
5432
5433
5433
5433
5435
5437
5437
5437
5440
5440
5442
5442
5443
5444
5446
5446
5447
5447
5448
5449
5450
5450
5451
5451
5451
5452
5452
5455
5455
5455
5457
5457
5459
5460
5460
5463
5464
5464
5465
5466
5466
5466
5466
5467
5467
5467
5467
5469
5469
5470
5470
5470
5471
5471
5471
5471
5473
5475
5475
5476
5477
5477
5479
5480
5481
5482
5484
5485
5486
5486
5486
5487
5487
5487
5487
5487
5488
5488
5489
5490
5490
5491
5492
5492
5492
5493
5494
5494
5495
5495
5497
5498
5499
5500
5500
5501
5501
5502
5505
5505
5505
5507
5507
5509
5509
5510
5510
5511
5511
5512
5513
5513
5515
5515
5515
5515
5516
5516
5518
5519
5519
5520
5520
5521
5523
5524
5524
5524
5525
5525
5525
5525
5526
5527
5529
5529
5529
5530
5530
5531
5531
5533
5534
5535
5535
5537
5537
5538
5538
5540
5541
5541
5544
5544
5545
5545
5546
5549
5549
5549
5550
5550
5550
5551
5551
5551
5551
5552
5555
5556
5556
5558
5559
5559
5559
5561
5562
5563
5565
5565
5567
5567
5568
5569
5569
5569
5570
5570
5570
5573
5573
5577
5578
5578
5579
5580
5580
5580
5581
5582
5582
5586
5587
5589
5590
5590
5591
5592
5593
5594
5595
5595
5595
5595
5595
5595
5596
5596
5596
5596
5599
5600
5601
5601
5602
5602
5602
5603
5603
5603
5604
5605
5606
5607
5607
5607
5610
5610
5611
5611
5612
5615
5616
5618
5619
5619
5620
5621
5623
5623
5624
5625
5626
5626
5627
5629
5630
5630
5630
5632
5633
5634
5636
5636
5636
5636
5637
5637
5637
5639
5640
5641
5641
5641
5642
5642
5642
5642
5642
5643
5643
5643
5643
5645
5645
5647
5648
5648
5649
5650
5650
5650
5651
5652
5652
5652
5652
5654
5655
5656
5656
5657
5657
5659
5660
5665
5665
5666
5666
5666
5667
5667
5668
5668
5668
5669
5672
5672
5672
5673
5673
5676
5679
5680
5680
5681
5682
5683
5683
5683
5683
5685
5685
5685
5687
5687
5687
5688
5688
5689
5691
5692
5694
5694
5694
5699
5700
5700
5702
5705
5705
5706
5706
5710
5712
5714
5714
5714
5714
5715
5715
5715
5716
5716
5717
5717
5717
5719
5719
5719
5720
5720
5722
5722
5725
5725
5725
5726
5727
5729
5729
5729
5730
5731
5732
5733
5733
5733
5733
5733
5734
5734
5734
5734
5736
5736
5736
5737
5737
5737
5739
5739
5740
5740
5742
5742
5742
5743
5744
5746
5747
5747
5748
5748
5748
5749
5750
5750
5750
5750
5750
5752
5752
5752
5752
5754
5755
5756
5756
5757
5757
5757
5758
5759
5759
5760
5761
5761
5761
5761
5762
5763
5763
5765
5768
5768
5769
5769
5769
5770
5772
5773
5773
5774
5774
5775
5775
5775
5776
5776
5777
5777
5777
5777
5778
5779
5780
5782
5783
5784
5786
5787
5788
5788
5789
5790
5792
5792
5793
5793
5793
5793
5793
5797
5798
5798
5800
5801
5802
5802
5802
5804
5805
5805
5806
5808
5809
5811
5811
5811
5812
5812
5813
5813
5813
5814
5815
5816
5816
5816
5820
5820
5821
5821
5823
5823
5826
5826
5827
5829
5829
5829
5830
5830
5831
5832
5833
5834
5835
5836
5837
5838
5838
5838
5840
5842
5842
5844
5845
5848
5850
5851
5851
5856
5856
5857
5859
5859
5860
5862
5862
5863
5865
5865
5865
5866
5866
5869
5869
5870
5870
5871
5871
5872
5873
5875
5875
5875
5876
5876
5881
5882
5883
5884
5885
5885
5888
5888
5888
5891
5892
5894
5894
5897
5897
5898
5900
5901
5902
5903
5904
5905
5906
5906
5907
5909
5909
5909
5910
5913
5913
5914
5914
5914
5914
5915
5916
5917
5917
5917
5919
5919
5920
5922
5922
5924
5925
5925
5926
5927
5927
5928
5929
5930
5931
5931
5932
5935
5936
5936
5937
5937
5938
5939
5941
5942
5942
5942
5943
5944
5944
5946
5946
5947
5948
5949
5949
5949
5951
5951
5953
5955
5955
5955
5956
5959
5960
5960
5961
5961
5961
5961
5963
5963
5964
5964
5964
5965
5965
5966
5966
5967
5970
5971
5973
5973
5974
5974
5974
5974
5975
5976
5977
5977
5978
5978
5978
5978
5978
5980
5981
5981
5983
5983
5984
5984
5989
5989
5994
5995
5996
5997
5997
5997
5998
5998
5999
6000
6001
6001
6003
6004
6004
6005
6006
6007
6007
6008
6009
6009
6010
6012
6013
6013
6014
6017
6018
6018
6019
6020
6020
6021
6021
6022
6023
6023
6023
6024
6024
6025
6026
6026
6026
6026
6027
6027
6028
6028
6028
6028
6028
6029
6029
6030
6032
6033
6034
6034
6034
6036
6036
6037
6037
6037
6037
6038
6039
6040
6041
6041
6044
6045
6045
6046
6046
6048
6048
6049
6051
6051
6052
6052
6052
6053
6053
6055
6056
6056
6058
6058
6059
6060
6060
6061
6061
6061
6062
6064
6064
6064
6066
6066
6068
6069
6069
6069
6069
6070
6070
6070
6071
6072
6073
6077
6079
6081
6083
6085
6086
6087
6087
6088
6088
6088
6089
6089
6089
6090
6090
6091
6092
6093
6093
6093
6093
6094
6096
6096
6097
6099
6100
6100
6101
6104
6105
6106
6106
6106
6107
6107
6108
6109
6109
6110
6110
6110
6111
6111
6111
6111
6112
6112
6113
6113
6116
6116
6116
6118
6119
6121
6121
6121
6121
6122
6122
6122
6123
6124
6125
6125
6130
6130
6130
6130
6132
6132
6133
6133
6133
6137
6137
6137
6139
6140
6141
6141
6143
6145
6145
6145
6146
6147
6147
6148
6148
6148
6149
6150
6150
6151
6151
6152
6153
6155
6156
6156
6157
6158
6162
6163
6164
6164
6166
6168
6168
6169
6169
6173
6174
6177
6177
6177
6178
6179
6179
6180
6180
6180
6180
6181
6181
6181
6181
6182
6182
6183
6183
6183
6184
6185
6187
6187
6187
6187
6189
6190
6191
6192
6193
6193
6194
6194
6194
6195
6195
6195
6196
6197
6198
6198
6199
6201
6203
6203
6205
6205
6205
6206
6206
6206
6206
6207
6210
6210
6211
6212
6214
6214
6214
6214
6215
6215
6215
6219
6219
6220
6220
6222
6223
6224
6225
6226
6226
6227
6227
6227
6228
6230
6231
6232
6233
6233
6233
6233
6234
6234
6234
6235
6236
6237
6237
6239
6239
6240
6240
6241
6242
6242
6245
6245
6246
6250
6251
6251
6252
6254
6255
6255
6255
6256
6257
6257
6257
6258
6258
6259
6259
6259
6260
6261
6262
6263
6264
6264
6264
6264
6264
6265
6266
6266
6266
6269
6269
6269
6270
6271
6272
6272
6273
6276
6277
6278
6278
6279
6280
6281
6282
6282
6284
6284
6284
6286
6286
6286
6286
6286
6287
6288
6288
6288
6289
6289
6290
6291
6292
6292
6292
6293
6293
6293
6294
6295
6295
6295
6296
6298
6298
6300
6300
6300
6300
6302
6304
6304
6304
6304
6306
6307
6307
6307
6308
6308
6309
6309
6310
6310
6311
6311
6311
6312
6313
6316
6317
6317
6318
6319
6319
6320
6321
6324
6325
6326
6326
6328
6329
6329
6330
6330
6330
6331
6332
6332
6333
6333
6334
6335
6335
6336
6336
6336
6340
6341
6342
6342
6342
6343
6344
6345
6347
6347
6348
6348
6349
6349
6351
6353
6353
6354
6354
6354
6354
6354
6355
6357
6358
6358
6359
6360
6360
6361
6361
6362
6365
6365
6366
6366
6368
6369
6369
6372
6373
6375
6375
6376
6376
6377
6378
6378
6379
6379
6381
6381
6381
6381
6383
6383
6384
6384
6386
6386
6386
6386
6387
6387
6387
6388
6390
6392
6392
6394
6395
6397
6398
6398
6398
6399
6399
6401
6401
6401
6402
6402
6403
6404
6405
6406
6406
6406
6407
6407
6407
6407
6408
6408
6409
6411
6411
6411
6412
6412
6412
6413
6414
6415
6415
6417
6417
6418
6418
6420
6420
6422
6422
6423
6423
6424
6424
6424
6425
6425
6429
6432
6432
6433
6434
6434
6435
6435
6440
6441
6441
6442
6443
6443
6443
6444
6446
6446
6447
6447
6448
6449
6449
6449
6450
6450
6451
6451
6452
6453
6454
6457
6457
6459
6460
6461
6463
6463
6464
6465
6465
6467
6467
6468
6468
6468
6468
6469
6470
6470
6471
6474
6474
6474
6477
6479
6480
6482
6483
6485
6487
6487
6488
6488
6488
6488
6489
6489
6490
6491
6492
6493
6493
6493
6494
6494
6494
6494
6494
6494
6497
6498
6499
6500
6501
6501
6501
6501
6502
6503
6504
6504
6505
6505
6505
6506
6506
6507
6507
6507
6510
6510
6512
6513
6514
6514
6515
6516
6516
6517
6519
6519
6520
6521
6522
6523
6523
6523
6524
6524
6525
6525
6525
6526
6527
6529
6531
6531
6531
6531
6532
6532
6532
6532
6533
6533
6534
6535
6536
6537
6537
6537
6538
6540
6541
6541
6541
6541
6542
6542
6544
6545
6545
6546
6546
6548
6548
6549
6552
6552
6553
6553
6553
6553
6555
6555
6556
6557
6557
6558
6558
6558
6559
6559
6560
6561
6562
6562
6563
6563
6564
6565
6565
6566
6567
6567
6567
6568
6568
6569
6569
6570
6570
6571
6571
6573
6575
6575
6576
6576
6576
6578
6578
6579
6580
6580
6582
6582
6584
6585
6586
6586
6587
6587
6587
6588
6588
6589
6589
6589
6589
6589
6592
6592
6592
6592
6593
6594
6594
6594
6596
6598
6599
6600
6602
6602
6602
6603
6603
6604
6604
6605
6606
6608
6608
6608
6609
6609
6610
6611
6612
6613
6614
6614
6614
6614
6615
6615
6616
6617
6619
6620
6620
6620
6621
6622
6622
6623
6623
6624
6624
6625
6625
6627
6628
6628
6628
6629
6631
6632
6633
6633
6634
6635
6636
6636
6636
6637
6638
6639
6639
6639
6640
6641
6641
6641
6642
6643
6643
6644
6645
6647
6647
6648
6648
6650
6650
6650
6651
6651
6651
6652
6654
6655
6656
6657
6657
6658
6659
6662
6662
6662
6663
6664
6665
6666
6667
6668
6668
6668
6670
6672
6672
6672
6673
6675
6675
6676
6677
6678
6678
6679
6680
6681
6681
6681
6682
6686
6687
6688
6688
6688
6689
6689
6689
6691
6692
6693
6693
6693
6695
6695
6695
6696
6696
6696
6700
6701
6702
6703
6703
6703
6704
6704
6705
6708
6709
6709
6710
6711
6712
6712
6712
6713
6716
6716
6716
6717
6718
6718
6718
6719
6719
6720
6720
6721
6722
6723
6723
6725
6727
6728
6729
6729
6731
6732
6732
6733
6733
6735
6736
6736
6736
6739
6740
6741
6744
6745
6745
6745
6746
6746
6747
6747
6748
6749
6749
6750
6751
6753
6754
6754
6754
6754
6755
6755
6757
6758
6758
6760
6760
6760
6761
6763
6764
6769
6769
6769
6770
6772
6773
6773
6773
6774
6775
6775
6775
6778
6778
6780
6782
6783
6784
6785
6785
6785
6786
6786
6787
6788
6788
6788
6788
6789
6790
6790
6790
6793
6793
6794
6794
6795
6796
6796
6798
6799
6799
6804
6804
6806
6807
6808
6808
6808
6810
6810
6813
6813
6814
6815
6815
6816
6817
6818
6818
6821
6822
6822
6822
6824
6824
6825
6826
6826
6826
6827
6827
6827
6830
6832
6832
6832
6832
6833
6833
6833
6834
6834
6835
6836
6836
6837
6838
6840
6840
6841
6842
6843
6843
6845
6846
6847
6847
6850
6851
6853
6854
6855
6855
6857
6858
6859
6861
6864
6865
6865
6865
6866
6866
6867
6868
6868
6869
6869
6869
6872
6873
6875
6875
6876
6876
6877
6877
6878
6883
6885
6886
6887
6887
6887
6890
6890
6891
6891
6892
6892
6893
6893
6894
6895
6896
6896
6898
6899
6900
6901
6901
6903
6904
6905
6905
6906
6908
6908
6908
6909
6909
6911
6911
6912
6912
6914
6914
6914
6916
6917
6917
6917
6917
6918
6919
6920
6922
6923
6925
6925
6925
6926
6926
6926
6927
6929
6929
6929
6929
6930
6932
6934
6935
6935
6935
6936
6936
6938
6938
6938
6940
6941
6941
6942
6944
6945
6945
6946
6946
6946
6946
6947
6949
6949
6949
6950
6951
6951
6951
6953
6955
6955
6955
6957
6960
6960
6960
6962
6963
6965
6965
6965
6965
6966
6967
6967
6968
6968
6969
6969
6971
6972
6972
6973
6974
6975
6975
6976
6976
6976
6976
6978
6979
6979
6979
6981
6981
6981
6983
6983
6986
6986
6987
6988
6988
6988
6988
6990
6990
6991
6993
6993
6994
6995
6998
6998
7000
7000
7002
7003
7005
7006
7006
7006
7006
7006
7007
7007
7011
7011
7011
7012
7013
7013
7015
7015
7015
7016
7016
7017
7018
7019
7019
7020
7020
7020
7020
7022
7023
7023
7024
7025
7026
7027
7027
7028
7028
7029
7030
7031
7032
7033
7033
7033
7033
7034
7034
7034
7035
7036
7036
7037
7037
7038
7038
7039
7039
7041
7041
7041
7043
7043
7045
7045
7046
7048
7049
7050
7050
7050
7051
7051
7051
7052
7054
7054
7055
7055
7057
7057
7057
7058
7058
7059
7059
7060
7060
7061
7064
7066
7067
7068
7070
7071
7074
7076
7076
7077
7079
7081
7082
7082
7082
7084
7086
7087
7087
7087
7088
7088
7088
7089
7090
7094
7094
7095
7095
7095
7096
7096
7102
7102
7103
7105
7105
7106
7106
7107
7107
7108
7108
7108
7109
7111
7112
7112
7112
7113
7113
7114
7117
7118
7119
7120
7120
7121
7121
7124
7125
7126
7126
7127
7127
7128
7128
7130
7133
7134
7136
7137
7137
7138
7139
7140
7141
7142
7142
7142
7143
7143
7144
7145
7145
7146
7146
7146
7147
7147
7148
7148
7148
7148
7149
7149
7150
7150
7150
7151
7152
7152
7154
7156
7156
7156
7157
7157
7157
7157
7158
7159
7159
7160
7160
7160
7160
7161
7163
7165
7167
7168
7168
7169
7170
7170
7170
7171
7174
7178
7179
7181
7181
7181
7182
7182
7183
7183
7187
7188
7189
7190
7190
7191
7195
7195
7196
7197
7197
7198
7198
7200
7201
7201
7202
7202
7204
7206
7206
7206
7207
7207
7207
7207
7208
7208
7209
7209
7209
7209
7210
7213
7215
7215
7216
7216
7217
7218
7218
7219
7220
7221
7221
7223
7223
7223
7224
7225
7225
7229
7229
7230
7231
7231
7231
7232
7232
7232
7233
7233
7236
7237
7238
7239
7239
7240
7242
7243
7243
7243
7244
7244
7244
7245
7246
7247
7247
7248
7248
7248
7249
7250
7250
7251
7251
7252
7254
7254
7256
7256
7256
7259
7259
7260
7260
7260
7261
7263
7263
7263
7264
7264
7265
7266
7267
7269
7269
7270
7271
7272
7274
7274
7275
7275
7276
7277
7281
7282
7283
7283
7285
7285
7286
7287
7287
7288
7288
7290
7290
7291
7291
7292
7293
7293
7294
7295
7295
7296
7297
7297
7297
7297
7298
7299
7300
7302
7302
7303
7304
7304
7304
7305
7306
7308
7308
7311
7311
7311
7312
7312
7312
7312
7312
7313
7313
7315
7315
7316
7316
7317
7317
7317
7317
7319
7319
7319
7320
7320
7320
7321
7322
7323
7323
7324
7325
7325
7327
7327
7329
7331
7331
7332
7333
7333
7333
7334
7334
7335
7335
7336
7336
7337
7337
7338
7339
7343
7344
7346
7348
7349
7350
7350
7351
7351
7351
7355
7355
7355
7356
7356
7357
7357
7357
7358
7358
7358
7359
7360
7360
7361
7362
7363
7364
7366
7367
7369
7370
7372
7372
7372
7374
7374
7376
7379
7379
7381
7382
7382
7382
7383
7383
7383
7384
7385
7385
7386
7386
7387
7387
7389
7392
7392
7393
7394
7395
7397
7398
7399
7401
7401
7401
7402
7403
7403
7404
7405
7407
7407
7408
7410
7411
7413
7416
7416
7417
7417
7418
7418
7418
7419
7420
7421
7421
7422
7422
7423
7423
7424
7426
7431
7433
7433
7433
7434
7434
7435
7437
7437
7438
7439
7444
7446
7447
7447
7447
7449
7449
7449
7450
7453
7453
7455
7455
7457
7458
7458
7459
7459
7459
7460
7460
7461
7462
7464
7464
7466
7467
7467
7468
7469
7469
7470
7470
7471
7473
7473
7473
7473
7473
7474
7475
7476
7477
7477
7477
7477
7479
7479
7480
7480
7481
7482
7483
7483
7484
7484
7485
7485
7487
7489
7489
7490
7490
7492
7493
7494
7495
7495
7495
7496
7496
7497
7498
7498
7499
7501
7502
7503
7504
7504
7504
7506
7506
7509
7509
7510
7511
7511
7512
7512
7513
7514
7514
7514
7515
7516
7516
7517
7520
7520
7520
7521
7521
7523
7523
7524
7526
7527
7528
7528
7528
7528
7529
7529
7530
7531
7532
7532
7535
7535
7535
7536
7537
7537
7537
7538
7539
7539
7542
7542
7542
7544
7544
7544
7546
7546
7547
7551
7551
7552
7553
7553
7555
7556
7556
7557
7558
7558
7558
7560
7563
7565
7566
7566
7568
7568
7568
7569
7570
7570
7570
7571
7571
7572
7573
7573
7574
7575
7576
7577
7578
7580
7582
7583
7583
7583
7583
7584
7584
7584
7585
7586
7586
7587
7588
7588
7588
7589
7590
7591
7591
7593
7593
7593
7594
7594
7594
7595
7596
7597
7597
7599
7599
7601
7601
7602
7602
7603
7606
7606
7607
7608
7609
7609
7610
7611
7611
7613
7614
7615
7616
7616
7617
7617
7617
7617
7619
7619
7620
7620
7621
7622
7623
7623
7627
7628
7628
7630
7630
7630
7633
7636
7637
7638
7639
7640
7641
7641
7642
7642
7642
7643
7644
7644
7645
7646
7648
7648
7649
7650
7653
7654
7654
7656
7657
7658
7659
7661
7662
7666
7666
7668
7668
7668
7669
7669
7670
7671
7671
7672
7672
7672
7673
7674
7675
7675
7675
7676
7676
7676
7678
7680
7681
7682
7682
7684
7685
7686
7686
7687
7687
7689
7689
7689
7690
7690
7695
7696
7697
7697
7697
7697
7699
7699
7700
7700
7701
7701
7702
7702
7702
7702
7704
7704
7705
7705
7705
7706
7706
7708
7708
7708
7708
7708
7709
7711
7712
7712
7713
7715
7716
7716
7716
7716
7716
7718
7718
7719
7721
7722
7723
7723
7724
7724
7725
7726
7726
7727
7727
7728
7728
7728
7729
7730
7731
7731
7731
7732
7733
7733
7737
7739
7739
7739
7739
7740
7742
7744
7744
7745
7745
7749
7749
7749
7750
7750
7751
7752
7753
7755
7755
7756
7756
7757
7758
7760
7760
7762
7763
7763
7763
7763
7764
7764
7765
7765
7766
7766
7766
7767
7768
7769
7769
7771
7772
7773
7774
7774
7775
7775
7775
7775
7776
7776
7776
7781
7783
7783
7784
7784
7784
7785
7786
7787
7788
7791
7791
7792
7794
7794
7795
7796
7796
7797
7799
7799
7800
7805
7805
7807
7808
7808
7809
7810
7811
7812
7813
7813
7814
7814
7814
7815
7816
7817
7817
7818
7820
7820
7820
7823
7824
7826
7827
7827
7828
7829
7830
7831
7831
7831
7832
7832
7832
7833
7833
7833
7833
7834
7834
7834
7834
7836
7836
7836
7838
7841
7841
7841
7842
7842
7843
7843
7845
7845
7845
7846
7847
7847
7847
7848
7848
7849
7851
7851
7852
7853
7854
7854
7855
7855
7856
7856
7856
7857
7858
7858
7859
7860
7861
7862
7862
7863
7864
7864
7864
7864
7865
7865
7866
7866
7867
7868
7868
7869
7870
7872
7873
7874
7874
7874
7876
7878
7880
7880
7881
7882
7884
7886
7888
7888
7889
7889
7890
7891
7891
7891
7892
7892
7892
7894
7897
7897
7897
7898
7899
7901
7901
7902
7903
7904
7905
7906
7906
7907
7908
7908
7908
7909
7909
7910
7910
7912
7912
7912
7914
7914
7914
7914
7915
7916
7916
7918
7918
7918
7919
7919
7920
7922
7922
7922
7922
7922
7924
7925
7926
7927
7927
7927
7927
7927
7928
7931
7932
7935
7936
7936
7937
7937
7937
7938
7940
7941
7942
7943
7945
7945
7947
7947
7948
7949
7952
7952
7953
7954
7955
7957
7957
7960
7961
7961
7962
7966
7967
7967
7968
7969
7969
7969
7969
7970
7972
7973
7973
7974
7977
7979
7980
7980
7981
7981
7982
7982
7983
7983
7984
7984
7988
7989
7989
7990
7990
7994
7994
7994
7995
7995
7995
7995
7997
7997
7997
7997
7998
7999
